3 0 1 890 902 86 81 -1 -1 -1 -1
4 0 1 899 904 84 85 -1 -1 -1 -1
5 0 1 909 920 83 78 -1 -1 -1 -1
6 0 1 924 935 77 80 -1 -1 -1 -1
7 0 1 938 967 80 78 -1 -1 -1 -1
8 0 1 953 1011 85 68 -1 -1 -1 -1
12 0 1 1017 1032 78 47 -1 -1 -1 -1
13 0 1 1036 1048 72 31 -1 -1 -1 -1
19 0 9 993 687 61 70 -1 -1 -1 -1
20 0 9 1001 684 62 69 -1 -1 -1 -1
21 0 9 1010 682 61 68 -1 -1 -1 -1
23 0 12 1107 831 57 68 -1 -1 -1 -1
24 0 12 1127 830 42 60 -1 -1 -1 -1
25 0 12 1134 833 42 60 -1 -1 -1 -1
26 0 12 1149 833 35 50 -1 -1 -1 -1
30 0 12 1128 713 44 46 -1 -1 -1 -1
31 0 12 1105 599 28 40 -1 -1 -1 -1
46 0 25 1010 118 49 49 -1 -1 -1 -1
47 0 25 1005 105 47 49 -1 -1 -1 -1
48 0 25 1003 93 46 50 -1 -1 -1 -1
49 0 25 1002 86 43 49 -1 -1 -1 -1
50 0 1 826 640 35 46 -1 -1 -1 -1
50 0 25 1000 80 44 47 -1 -1 -1 -1
51 0 1 822 640 38 52 -1 -1 -1 -1
51 0 25 998 76 42 48 -1 -1 -1 -1
52 0 1 812 641 45 53 -1 -1 -1 -1
52 0 25 994 75 45 47 -1 -1 -1 -1
53 0 1 804 636 46 53 -1 -1 -1 -1
54 0 25 989 83 38 41 -1 -1 -1 -1
55 0 25 986 88 36 38 -1 -1 -1 -1
56 0 25 986 93 36 40 -1 -1 -1 -1
57 0 25 982 100 36 39 -1 -1 -1 -1
58 0 25 978 109 35 37 -1 -1 -1 -1
59 0 25 976 119 38 40 -1 -1 -1 -1
60 0 25 974 128 36 40 -1 -1 -1 -1
61 0 25 973 140 35 40 -1 -1 -1 -1
62 0 25 969 157 40 35 -1 -1 -1 -1
63 0 25 969 172 36 33 -1 -1 -1 -1
66 0 1 965 219 34 38 -1 -1 -1 -1
70 0 9 1302 642 44 55 -1 -1 -1 -1
71 0 9 1308 640 48 54 -1 -1 -1 -1
72 0 9 1320 639 45 57 -1 -1 -1 -1
73 0 9 1326 640 50 59 -1 -1 -1 -1
74 0 9 1333 639 52 60 -1 -1 -1 -1
75 0 9 1351 645 46 56 -1 -1 -1 -1
77 0 9 1378 643 44 56 -1 -1 -1 -1
78 0 9 1388 642 45 57 -1 -1 -1 -1
80 0 9 1413 631 56 57 -1 -1 -1 -1
81 0 9 1424 629 58 57 -1 -1 -1 -1
83 0 9 1460 627 49 59 -1 -1 -1 -1
83 0 31 941 519 33 36 -1 -1 -1 -1
84 0 9 1479 629 45 59 -1 -1 -1 -1
84 0 31 933 534 38 35 -1 -1 -1 -1
85 0 9 1490 634 48 56 -1 -1 -1 -1
85 0 31 936 543 33 35 -1 -1 -1 -1
86 0 9 1507 637 40 57 -1 -1 -1 -1
86 0 31 933 563 33 34 -1 -1 -1 -1
87 0 9 1518 637 44 58 -1 -1 -1 -1
87 0 31 931 578 34 34 -1 -1 -1 -1
88 0 9 1531 637 42 54 -1 -1 -1 -1
88 0 31 928 597 36 33 -1 -1 -1 -1
89 0 9 1544 638 42 52 -1 -1 -1 -1
90 0 9 1554 624 49 57 -1 -1 -1 -1
91 0 9 1566 622 51 58 -1 -1 -1 -1
92 0 12 920 672 32 28 -1 -1 -1 -1
93 0 31 923 697 28 27 -1 -1 -1 -1
96 0 12 916 765 29 36 -1 -1 -1 -1
97 0 12 911 768 32 38 -1 -1 -1 -1
101 0 31 897 704 24 27 -1 -1 -1 -1
106 0 9 1746 617 57 59 -1 -1 -1 -1
108 0 31 871 622 30 30 -1 -1 -1 -1
109 0 31 864 614 32 33 -1 -1 -1 -1
110 0 31 860 607 31 32 -1 -1 -1 -1
111 0 31 856 605 31 32 -1 -1 -1 -1
112 0 31 851 602 32 32 -1 -1 -1 -1
113 0 31 847 601 31 32 -1 -1 -1 -1
114 0 31 843 602 29 31 -1 -1 -1 -1
115 0 25 841 602 28 32 -1 -1 -1 -1
133 0 25 799 676 24 33 -1 -1 -1 -1
134 0 25 795 679 26 34 -1 -1 -1 -1
135 0 12 34 776 38 50 -1 -1 -1 -1
135 0 25 789 679 31 36 -1 -1 -1 -1
136 0 12 0 781 13 51 -1 -1 -1 -1
136 0 25 786 680 33 36 -1 -1 -1 -1
137 0 25 785 682 34 34 -1 -1 -1 -1
138 0 25 784 683 33 33 -1 -1 -1 -1
139 0 25 784 683 33 34 -1 -1 -1 -1
140 0 25 784 682 33 34 -1 -1 -1 -1
141 0 25 783 682 35 34 -1 -1 -1 -1
142 0 25 783 685 36 33 -1 -1 -1 -1