3 1 1 922 650 178 416 -1 -1 -1 -1
3 1 2 606 618 115 296 -1 -1 -1 -1
3 1 3 657 686 263 393 -1 -1 -1 -1
3 1 4 1116 647 142 351 -1 -1 -1 -1
3 2 5 931 461 48 61 -1 -1 -1 -1
4 1 1 905 658 193 407 -1 -1 -1 -1
4 1 2 603 619 117 305 -1 -1 -1 -1
4 1 3 684 700 231 379 -1 -1 -1 -1
4 1 4 1109 647 141 344 -1 -1 -1 -1
4 2 5 930 461 50 61 -1 -1 -1 -1
5 1 1 898 665 194 391 -1 -1 -1 -1
5 1 2 604 618 112 309 -1 -1 -1 -1
5 1 3 708 695 211 384 -1 -1 -1 -1
5 1 4 1108 649 135 342 -1 -1 -1 -1
5 2 5 930 461 50 61 -1 -1 -1 -1
6 1 1 894 662 190 390 -1 -1 -1 -1
6 1 2 602 617 113 312 -1 -1 -1 -1
6 1 3 711 729 219 349 -1 -1 -1 -1
6 1 4 1107 653 128 335 -1 -1 -1 -1
6 2 5 930 461 50 61 -1 -1 -1 -1
7 1 1 885 666 190 388 -1 -1 -1 -1
7 1 2 594 618 117 307 -1 -1 -1 -1
7 1 3 710 723 336 353 -1 -1 -1 -1
7 1 4 1104 655 126 335 -1 -1 -1 -1
8 1 2 591 619 114 304 -1 -1 -1 -1
8 1 3 717 713 328 365 -1 -1 -1 -1
8 1 4 1088 664 146 324 -1 -1 -1 -1
8 2 5 931 460 48 61 -1 -1 -1 -1
9 1 2 583 618 115 305 -1 -1 -1 -1
9 1 3 728 691 303 388 -1 -1 -1 -1
9 1 4 1078 672 156 318 -1 -1 -1 -1
9 2 5 930 460 50 61 -1 -1 -1 -1
10 1 2 574 616 120 307 -1 -1 -1 -1
10 1 3 722 711 295 368 -1 -1 -1 -1
10 1 4 1080 679 156 310 -1 -1 -1 -1
10 2 5 931 461 48 60 -1 -1 -1 -1
11 1 2 574 617 116 307 -1 -1 -1 -1
11 1 3 714 712 310 367 -1 -1 -1 -1
11 1 4 1075 681 161 309 -1 -1 -1 -1
11 2 5 931 461 48 60 -1 -1 -1 -1
12 1 2 571 617 114 307 -1 -1 -1 -1
12 1 3 717 703 335 374 -1 -1 -1 -1
12 1 4 1073 683 164 307 -1 -1 -1 -1
12 2 5 930 460 50 61 -1 -1 -1 -1
13 1 1 707 646 161 402 -1 -1 -1 -1
13 1 2 564 615 114 312 -1 -1 -1 -1
13 1 3 825 714 240 365 -1 -1 -1 -1
13 1 4 1076 683 160 306 -1 -1 -1 -1
13 2 5 931 461 48 60 -1 -1 -1 -1
14 1 1 706 656 183 396 -1 -1 -1 -1
14 1 2 555 614 119 315 -1 -1 -1 -1
14 1 3 844 712 226 364 -1 -1 -1 -1
14 1 4 1081 693 158 289 -1 -1 -1 -1
14 2 5 931 461 49 60 -1 -1 -1 -1
15 1 1 705 648 192 406 -1 -1 -1 -1
15 1 2 540 614 130 317 -1 -1 -1 -1
15 1 3 864 706 228 373 -1 -1 -1 -1
15 1 4 1092 685 139 297 -1 -1 -1 -1
15 2 5 930 460 51 62 -1 -1 -1 -1
16 1 1 702 626 199 416 -1 -1 -1 -1
16 1 2 534 616 133 317 -1 -1 -1 -1
16 1 3 885 706 219 373 -1 -1 -1 -1
16 1 4 1085 680 146 296 -1 -1 -1 -1
16 2 5 929 460 52 61 -1 -1 -1 -1
17 1 1 709 635 186 406 -1 -1 -1 -1
17 1 2 535 617 125 318 -1 -1 -1 -1
17 1 3 905 705 205 374 -1 -1 -1 -1
17 1 4 1100 678 134 300 -1 -1 -1 -1
17 2 5 931 460 49 60 -1 -1 -1 -1
18 1 1 708 652 190 389 -1 -1 -1 -1
18 1 2 535 619 121 317 -1 -1 -1 -1
18 1 3 923 700 180 379 -1 -1 -1 -1
18 1 4 1091 670 149 311 -1 -1 -1 -1
18 2 5 931 460 49 61 -1 -1 -1 -1
19 1 1 710 638 198 405 -1 -1 -1 -1
19 1 2 534 619 117 317 -1 -1 -1 -1
19 1 3 935 695 183 384 -1 -1 -1 -1
19 1 4 1098 690 143 302 -1 -1 -1 -1
19 2 5 930 460 51 62 -1 -1 -1 -1
20 1 1 707 656 228 381 -1 -1 -1 -1
20 1 2 532 620 115 317 -1 -1 -1 -1
20 1 3 945 694 196 385 -1 -1 -1 -1
20 1 4 1107 698 133 292 -1 -1 -1 -1
20 2 5 930 460 51 62 -1 -1 -1 -1
21 1 1 710 678 230 357 -1 -1 -1 -1
21 1 2 531 620 110 318 -1 -1 -1 -1
21 1 3 964 696 195 383 -1 -1 -1 -1
21 1 4 1112 699 127 289 -1 -1 -1 -1
21 2 5 930 460 51 62 -1 -1 -1 -1
22 1 1 712 676 219 353 -1 -1 -1 -1
22 1 2 529 618 109 320 -1 -1 -1 -1
22 1 3 980 689 197 390 -1 -1 -1 -1
22 1 4 1116 700 119 286 -1 -1 -1 -1
22 2 5 930 460 51 62 -1 -1 -1 -1
23 1 1 709 677 210 348 -1 -1 -1 -1
23 1 2 528 617 108 320 -1 -1 -1 -1
23 1 3 1001 696 174 383 -1 -1 -1 -1
23 1 4 1130 699 99 293 -1 -1 -1 -1
23 2 5 930 460 50 62 -1 -1 -1 -1
24 1 1 706 680 212 339 -1 -1 -1 -1
24 1 2 524 619 108 319 -1 -1 -1 -1
24 1 3 1007 692 178 387 -1 -1 -1 -1
24 1 4 1133 701 95 292 -1 -1 -1 -1
25 1 1 653 672 174 323 -1 -1 -1 -1
25 1 2 522 618 104 319 -1 -1 -1 -1
25 1 3 1014 690 185 389 -1 -1 -1 -1
25 2 5 930 460 51 62 -1 -1 -1 -1
26 1 1 640 660 167 296 -1 -1 -1 -1
26 1 2 518 616 105 322 -1 -1 -1 -1
26 1 3 1015 696 184 383 -1 -1 -1 -1
26 2 5 930 460 51 62 -1 -1 -1 -1
27 1 1 620 650 166 299 -1 -1 -1 -1
27 1 2 515 614 107 324 -1 -1 -1 -1
27 1 3 1021 697 190 382 -1 -1 -1 -1
27 1 4 780 671 140 344 -1 -1 -1 -1
27 2 5 931 460 49 61 -1 -1 -1 -1
28 1 1 613 644 173 301 -1 -1 -1 -1
28 1 2 514 613 106 325 -1 -1 -1 -1
28 1 3 1029 694 186 384 -1 -1 -1 -1
28 1 4 816 662 104 352 -1 -1 -1 -1
28 2 5 930 459 51 62 -1 -1 -1 -1
29 1 1 593 638 186 305 -1 -1 -1 -1
29 1 2 508 614 103 324 -1 -1 -1 -1
29 1 3 1029 678 176 401 -1 -1 -1 -1
29 1 4 818 653 108 355 -1 -1 -1 -1
29 2 5 930 459 51 62 -1 -1 -1 -1
30 1 1 583 633 181 314 -1 -1 -1 -1
30 1 2 506 614 99 326 -1 -1 -1 -1
30 1 3 1031 675 179 404 -1 -1 -1 -1
30 1 4 820 649 107 346 -1 -1 -1 -1
30 2 5 930 460 50 60 -1 -1 -1 -1
30 1 8 736 619 76 244 -1 -1 -1 -1
31 1 1 578 632 165 317 -1 -1 -1 -1
31 1 2 505 615 92 324 -1 -1 -1 -1
31 1 3 1038 653 168 426 -1 -1 -1 -1
31 1 4 821 649 113 340 -1 -1 -1 -1
31 2 5 930 460 50 61 -1 -1 -1 -1
31 1 8 735 619 77 247 -1 -1 -1 -1
32 1 1 537 624 201 324 -1 -1 -1 -1
32 1 2 507 612 87 329 -1 -1 -1 -1
32 1 3 1057 637 142 442 -1 -1 -1 -1
32 1 4 822 652 137 333 -1 -1 -1 -1
32 2 5 931 460 48 61 -1 -1 -1 -1
32 1 8 730 619 81 247 -1 -1 -1 -1
33 1 1 514 621 203 330 -1 -1 -1 -1
33 1 2 505 611 85 331 -1 -1 -1 -1
33 1 3 1074 617 131 462 -1 -1 -1 -1
33 1 4 823 655 140 329 -1 -1 -1 -1
33 2 5 931 459 48 63 -1 -1 -1 -1
33 1 8 725 617 83 251 -1 -1 -1 -1
34 1 1 510 622 178 331 -1 -1 -1 -1
34 1 3 1065 615 134 464 -1 -1 -1 -1
34 1 4 823 656 129 333 -1 -1 -1 -1
34 2 5 930 459 50 63 -1 -1 -1 -1
34 1 8 725 617 81 253 -1 -1 -1 -1
34 1 9 1000 624 75 259 -1 -1 -1 -1
35 1 1 505 617 145 337 -1 -1 -1 -1
35 1 3 1072 588 128 489 -1 -1 -1 -1
35 1 4 825 655 121 334 -1 -1 -1 -1
35 2 5 930 459 50 62 -1 -1 -1 -1
35 1 8 723 616 85 255 -1 -1 -1 -1
36 1 1 488 619 143 337 -1 -1 -1 -1
36 1 3 1073 612 135 467 -1 -1 -1 -1
36 1 4 827 653 107 338 -1 -1 -1 -1
36 2 5 930 459 50 62 -1 -1 -1 -1
36 1 8 722 617 83 254 -1 -1 -1 -1
37 1 1 477 624 131 327 -1 -1 -1 -1
37 1 3 1067 610 144 466 -1 -1 -1 -1
37 1 4 827 651 99 336 -1 -1 -1 -1
37 2 5 931 460 49 60 -1 -1 -1 -1
37 1 8 719 617 86 255 -1 -1 -1 -1
37 1 9 999 623 76 256 -1 -1 -1 -1
38 1 1 459 625 135 327 -1 -1 -1 -1
38 1 3 1066 609 141 466 -1 -1 -1 -1
38 1 4 826 649 99 331 -1 -1 -1 -1
38 2 5 930 460 49 60 -1 -1 -1 -1
38 1 8 716 617 87 254 -1 -1 -1 -1
38 1 9 999 628 77 246 -1 -1 -1 -1
39 1 1 440 622 137 329 -1 -1 -1 -1
39 1 3 1069 616 144 457 -1 -1 -1 -1
39 1 4 826 651 101 324 -1 -1 -1 -1
39 2 5 930 460 48 60 -1 -1 -1 -1
39 1 8 713 617 88 254 -1 -1 -1 -1
39 1 9 1001 628 74 244 -1 -1 -1 -1
40 1 1 422 617 124 326 -1 -1 -1 -1
40 1 2 526 625 107 303 -1 -1 -1 -1
40 1 3 1056 626 155 452 -1 -1 -1 -1
40 1 4 821 653 106 317 -1 -1 -1 -1
40 2 5 930 460 48 60 -1 -1 -1 -1
40 1 8 710 616 89 256 -1 -1 -1 -1
40 1 9 998 621 84 251 -1 -1 -1 -1
41 1 1 400 611 131 330 -1 -1 -1 -1
41 1 2 516 629 112 304 -1 -1 -1 -1
41 1 3 1067 621 149 452 -1 -1 -1 -1
41 1 4 819 652 106 315 -1 -1 -1 -1
41 2 5 930 460 48 60 -1 -1 -1 -1
41 1 8 704 617 93 253 -1 -1 -1 -1
42 1 1 379 606 137 313 -1 -1 -1 -1
42 1 2 496 636 126 288 -1 -1 -1 -1
42 1 3 1078 608 130 464 -1 -1 -1 -1
42 1 4 820 646 103 319 -1 -1 -1 -1
42 2 5 930 460 48 60 -1 -1 -1 -1
42 1 8 698 618 97 253 -1 -1 -1 -1
42 1 9 1161 625 69 276 -1 -1 -1 -1
43 1 1 364 610 140 329 -1 -1 -1 -1
43 1 2 500 643 120 277 -1 -1 -1 -1
43 1 3 1070 606 134 468 -1 -1 -1 -1
43 1 4 818 642 105 319 -1 -1 -1 -1
43 2 5 930 460 49 60 -1 -1 -1 -1
43 1 8 693 620 100 254 -1 -1 -1 -1
43 1 9 1160 624 74 276 -1 -1 -1 -1
44 1 1 334 610 155 335 -1 -1 -1 -1
44 1 2 491 647 126 277 -1 -1 -1 -1
44 1 3 1039 606 170 473 -1 -1 -1 -1
44 1 4 815 636 112 318 -1 -1 -1 -1
44 2 5 930 460 49 61 -1 -1 -1 -1
44 1 8 689 620 101 255 -1 -1 -1 -1
45 1 1 305 614 165 336 -1 -1 -1 -1
45 1 2 488 649 132 281 -1 -1 -1 -1
45 1 3 1061 616 164 463 -1 -1 -1 -1
45 1 4 809 633 116 313 -1 -1 -1 -1
45 2 5 931 460 47 60 -1 -1 -1 -1
45 1 8 686 620 102 256 -1 -1 -1 -1
46 1 1 276 622 175 336 -1 -1 -1 -1
46 1 2 487 649 138 282 -1 -1 -1 -1
46 1 3 1075 630 159 445 -1 -1 -1 -1
46 1 4 807 633 115 307 -1 -1 -1 -1
46 2 5 931 460 47 61 -1 -1 -1 -1
46 1 8 684 620 100 256 -1 -1 -1 -1
47 1 1 248 629 188 339 -1 -1 -1 -1
47 1 2 485 648 148 284 -1 -1 -1 -1
47 1 3 1065 635 165 444 -1 -1 -1 -1
47 1 4 802 633 114 304 -1 -1 -1 -1
47 2 5 930 459 50 63 -1 -1 -1 -1
47 1 8 682 619 99 257 -1 -1 -1 -1
48 1 1 240 631 175 338 -1 -1 -1 -1
48 1 2 484 647 155 284 -1 -1 -1 -1
48 1 3 1064 653 138 426 -1 -1 -1 -1
48 1 4 793 632 113 307 -1 -1 -1 -1
48 2 5 930 459 50 62 -1 -1 -1 -1
48 1 8 681 620 100 252 -1 -1 -1 -1
48 1 9 1168 627 81 273 -1 -1 -1 -1
49 1 1 238 647 156 322 -1 -1 -1 -1
49 1 2 489 648 157 280 -1 -1 -1 -1
49 1 3 1066 662 147 416 -1 -1 -1 -1
49 1 4 786 632 114 307 -1 -1 -1 -1
49 2 5 931 460 48 61 -1 -1 -1 -1
49 1 8 683 620 95 249 -1 -1 -1 -1
49 1 9 1172 627 79 274 -1 -1 -1 -1
49 1 12 1001 661 93 415 -1 -1 -1 -1
50 1 1 231 648 155 319 -1 -1 -1 -1
50 1 2 496 646 156 277 -1 -1 -1 -1
50 1 3 1073 662 138 415 -1 -1 -1 -1
50 1 4 781 636 107 303 -1 -1 -1 -1
50 2 5 930 459 50 63 -1 -1 -1 -1
50 1 8 684 619 91 247 -1 -1 -1 -1
50 1 9 1175 623 76 280 -1 -1 -1 -1
50 1 12 996 648 100 429 -1 -1 -1 -1
51 1 1 230 647 150 318 -1 -1 -1 -1
51 1 2 504 643 156 278 -1 -1 -1 -1
51 1 3 1083 651 145 427 -1 -1 -1 -1
51 1 4 780 638 91 299 -1 -1 -1 -1
51 2 5 929 459 51 63 -1 -1 -1 -1
51 1 8 685 621 86 245 -1 -1 -1 -1
51 1 9 1175 621 77 284 -1 -1 -1 -1
51 1 12 994 648 104 431 -1 -1 -1 -1
52 1 1 227 639 145 320 -1 -1 -1 -1
52 1 2 518 640 141 276 -1 -1 -1 -1
52 1 3 1093 641 140 438 -1 -1 -1 -1
52 1 4 781 640 83 296 -1 -1 -1 -1
52 2 5 929 459 51 63 -1 -1 -1 -1
52 1 8 685 621 85 245 -1 -1 -1 -1
52 1 9 1183 625 68 285 -1 -1 -1 -1
52 1 12 992 655 107 424 -1 -1 -1 -1
53 1 1 221 629 142 326 -1 -1 -1 -1
53 1 2 533 637 135 274 -1 -1 -1 -1
53 1 3 1090 645 150 434 -1 -1 -1 -1
53 1 4 782 637 80 301 -1 -1 -1 -1
53 2 5 931 458 49 59 -1 -1 -1 -1
53 1 8 687 621 82 244 -1 -1 -1 -1
53 1 9 1186 624 65 283 -1 -1 -1 -1
53 1 12 995 656 100 423 -1 -1 -1 -1
54 1 1 218 627 124 328 -1 -1 -1 -1
54 1 2 547 632 124 276 -1 -1 -1 -1
54 1 3 1093 639 147 436 -1 -1 -1 -1
54 1 4 779 636 77 301 -1 -1 -1 -1
54 2 5 930 460 49 60 -1 -1 -1 -1
54 1 8 688 623 79 241 -1 -1 -1 -1
54 1 9 1186 620 65 294 -1 -1 -1 -1
54 1 12 992 647 97 429 -1 -1 -1 -1
55 1 1 211 622 119 335 -1 -1 -1 -1
55 1 2 562 627 115 278 -1 -1 -1 -1
55 1 3 1087 610 160 462 -1 -1 -1 -1
55 1 4 775 635 76 301 -1 -1 -1 -1
55 2 5 931 460 48 60 -1 -1 -1 -1
55 1 8 688 623 75 243 -1 -1 -1 -1
55 1 9 1193 619 62 311 -1 -1 -1 -1
55 1 12 988 635 96 442 -1 -1 -1 -1
56 1 1 203 619 109 337 -1 -1 -1 -1
56 1 2 567 623 112 285 -1 -1 -1 -1
56 1 3 1077 604 175 468 -1 -1 -1 -1
56 1 4 770 632 78 303 -1 -1 -1 -1
56 2 5 929 459 51 60 -1 -1 -1 -1
56 1 8 688 622 75 244 -1 -1 -1 -1
56 1 9 1200 618 61 316 -1 -1 -1 -1
57 1 1 187 616 113 339 -1 -1 -1 -1
57 1 2 566 618 121 284 -1 -1 -1 -1
57 1 3 1082 611 174 461 -1 -1 -1 -1
57 1 4 765 629 79 304 -1 -1 -1 -1
57 2 5 930 459 51 58 -1 -1 -1 -1
57 1 8 691 622 70 240 -1 -1 -1 -1
57 1 12 984 632 103 445 -1 -1 -1 -1
58 1 1 174 615 117 338 -1 -1 -1 -1
58 1 2 571 617 122 284 -1 -1 -1 -1
58 1 3 1090 623 171 451 -1 -1 -1 -1
58 1 4 756 626 88 306 -1 -1 -1 -1
58 2 5 931 460 49 58 -1 -1 -1 -1
58 1 8 692 624 67 238 -1 -1 -1 -1
58 1 12 977 649 105 430 -1 -1 -1 -1
59 1 1 161 621 120 336 -1 -1 -1 -1
59 1 2 574 614 128 285 -1 -1 -1 -1
59 1 3 1091 626 184 450 -1 -1 -1 -1
59 1 4 748 629 101 306 -1 -1 -1 -1
59 2 5 931 460 49 59 -1 -1 -1 -1
59 1 8 694 625 65 228 -1 -1 -1 -1
59 1 12 971 655 109 423 -1 -1 -1 -1
60 1 1 157 627 105 328 -1 -1 -1 -1
60 1 2 577 615 131 279 -1 -1 -1 -1
60 1 3 1106 642 181 434 -1 -1 -1 -1
60 1 4 747 630 104 305 -1 -1 -1 -1
60 2 5 930 459 51 60 -1 -1 -1 -1
60 1 8 698 625 62 230 -1 -1 -1 -1
60 1 12 963 657 124 421 -1 -1 -1 -1
61 1 1 151 629 98 325 -1 -1 -1 -1
61 1 2 584 616 133 277 -1 -1 -1 -1
61 1 3 1116 662 182 406 -1 -1 -1 -1
61 1 4 747 632 106 303 -1 -1 -1 -1
61 2 5 930 459 51 59 -1 -1 -1 -1
61 1 8 702 627 58 238 -1 -1 -1 -1
61 1 12 947 653 135 426 -1 -1 -1 -1
62 1 1 135 631 108 323 -1 -1 -1 -1
62 1 2 597 620 122 271 -1 -1 -1 -1
62 1 3 1125 649 182 419 -1 -1 -1 -1
62 1 4 743 632 110 301 -1 -1 -1 -1
62 2 5 930 460 51 57 -1 -1 -1 -1
62 1 8 699 628 61 242 -1 -1 -1 -1
62 1 12 934 652 151 427 -1 -1 -1 -1
63 1 1 112 637 124 318 -1 -1 -1 -1
63 1 2 602 621 127 263 -1 -1 -1 -1
63 1 3 1136 643 177 425 -1 -1 -1 -1
63 1 4 742 631 115 300 -1 -1 -1 -1
63 2 5 931 461 49 55 -1 -1 -1 -1
63 1 8 699 629 60 241 -1 -1 -1 -1
64 1 1 93 638 137 316 -1 -1 -1 -1
64 1 2 613 618 117 262 -1 -1 -1 -1
64 1 3 1151 656 169 411 -1 -1 -1 -1
64 1 4 741 630 113 301 -1 -1 -1 -1
64 2 5 931 461 48 55 -1 -1 -1 -1
64 1 12 920 655 167 424 -1 -1 -1 -1
65 1 1 75 632 152 322 -1 -1 -1 -1
65 1 2 632 619 111 261 -1 -1 -1 -1
65 1 3 1161 665 164 398 -1 -1 -1 -1
65 1 4 744 628 109 301 -1 -1 -1 -1
65 2 5 932 461 47 55 -1 -1 -1 -1
65 1 12 914 656 189 423 -1 -1 -1 -1
66 1 1 58 631 161 322 -1 -1 -1 -1
66 1 2 650 615 96 263 -1 -1 -1 -1
66 1 3 1180 666 149 394 -1 -1 -1 -1
66 1 4 747 625 100 301 -1 -1 -1 -1
66 2 5 932 461 47 55 -1 -1 -1 -1
66 1 12 907 660 181 419 -1 -1 -1 -1
67 1 1 50 633 166 321 -1 -1 -1 -1
67 1 2 661 613 90 268 -1 -1 -1 -1
67 1 3 1197 661 142 400 -1 -1 -1 -1
67 1 4 748 622 95 300 -1 -1 -1 -1
67 2 5 932 461 47 55 -1 -1 -1 -1
67 1 12 896 661 184 418 -1 -1 -1 -1
68 1 1 45 635 170 318 -1 -1 -1 -1
68 1 2 667 611 89 264 -1 -1 -1 -1
68 1 3 1207 654 143 405 -1 -1 -1 -1
68 1 4 747 621 93 299 -1 -1 -1 -1
68 2 5 932 461 47 55 -1 -1 -1 -1
68 1 12 897 661 164 418 -1 -1 -1 -1
69 1 1 42 636 163 316 -1 -1 -1 -1
69 1 2 671 612 91 259 -1 -1 -1 -1
69 1 3 1211 651 152 402 -1 -1 -1 -1
69 1 4 746 621 94 295 -1 -1 -1 -1
69 2 5 932 461 47 55 -1 -1 -1 -1
69 1 9 1038 617 75 251 -1 -1 -1 -1
69 1 12 894 661 157 418 -1 -1 -1 -1
70 1 1 40 635 151 315 -1 -1 -1 -1
70 1 2 676 616 86 256 -1 -1 -1 -1
70 1 3 1215 650 159 390 -1 -1 -1 -1
70 1 4 745 622 94 293 -1 -1 -1 -1
70 2 5 931 461 49 56 -1 -1 -1 -1
70 1 9 1035 617 78 252 -1 -1 -1 -1
70 1 12 886 656 143 423 -1 -1 -1 -1
71 1 1 38 633 135 316 -1 -1 -1 -1
71 1 2 681 621 82 253 -1 -1 -1 -1
71 1 3 1224 651 156 391 -1 -1 -1 -1
71 1 4 748 623 90 293 -1 -1 -1 -1
71 2 5 931 462 48 54 -1 -1 -1 -1
71 1 9 1034 615 79 252 -1 -1 -1 -1
71 1 12 881 659 127 420 -1 -1 -1 -1
71 1 13 1178 619 77 276 -1 -1 -1 -1
72 1 1 37 630 123 317 -1 -1 -1 -1
72 1 2 684 621 83 250 -1 -1 -1 -1
72 1 3 1229 645 162 380 -1 -1 -1 -1
72 1 4 746 623 91 293 -1 -1 -1 -1
72 2 5 931 462 48 54 -1 -1 -1 -1
72 1 9 1032 614 81 252 -1 -1 -1 -1
72 1 12 875 660 124 419 -1 -1 -1 -1
72 1 13 1177 619 79 278 -1 -1 -1 -1
73 1 1 35 623 106 323 -1 -1 -1 -1
73 1 2 686 621 86 249 -1 -1 -1 -1
73 1 3 1240 647 159 366 -1 -1 -1 -1
73 1 4 746 624 91 292 -1 -1 -1 -1
73 2 5 932 462 47 54 -1 -1 -1 -1
73 1 9 1032 613 80 251 -1 -1 -1 -1
73 1 12 869 657 124 422 -1 -1 -1 -1
73 1 13 1178 618 77 279 -1 -1 -1 -1
74 1 1 27 616 105 333 -1 -1 -1 -1
74 1 2 684 620 91 245 -1 -1 -1 -1
74 1 3 1256 649 153 359 -1 -1 -1 -1
74 1 4 748 626 90 290 -1 -1 -1 -1
74 2 5 932 462 47 54 -1 -1 -1 -1
74 1 9 1031 612 81 250 -1 -1 -1 -1
74 1 12 866 655 120 424 -1 -1 -1 -1
74 1 13 1178 616 78 282 -1 -1 -1 -1
75 1 1 24 607 104 337 -1 -1 -1 -1
75 1 2 689 620 91 247 -1 -1 -1 -1
75 1 3 1266 650 150 357 -1 -1 -1 -1
75 1 4 747 629 93 288 -1 -1 -1 -1
75 2 5 930 462 49 54 -1 -1 -1 -1
75 1 9 1031 612 81 251 -1 -1 -1 -1
75 1 12 863 653 118 426 -1 -1 -1 -1
75 1 13 1178 615 80 282 -1 -1 -1 -1
76 1 1 14 600 109 338 -1 -1 -1 -1
76 1 2 694 620 91 245 -1 -1 -1 -1
76 1 3 1276 650 150 353 -1 -1 -1 -1
76 1 4 752 627 91 288 -1 -1 -1 -1
76 2 5 931 459 49 58 -1 -1 -1 -1
76 1 9 1029 611 82 251 -1 -1 -1 -1
76 1 12 856 655 117 424 -1 -1 -1 -1
77 1 1 8 601 112 335 -1 -1 -1 -1
77 1 3 1284 645 159 360 -1 -1 -1 -1
77 1 4 755 626 91 288 -1 -1 -1 -1
77 2 5 932 459 50 54 -1 -1 -1 -1
77 1 9 1028 611 82 250 -1 -1 -1 -1
77 1 12 842 655 122 424 -1 -1 -1 -1
77 1 13 1179 613 81 286 -1 -1 -1 -1
78 1 1 5 603 115 331 -1 -1 -1 -1
78 1 3 1292 645 163 357 -1 -1 -1 -1
78 1 4 751 633 93 276 -1 -1 -1 -1
78 2 5 932 459 50 53 -1 -1 -1 -1
78 1 9 1028 612 82 249 -1 -1 -1 -1
78 1 12 823 658 136 421 -1 -1 -1 -1
79 1 1 3 607 116 328 -1 -1 -1 -1
79 1 3 1294 645 174 356 -1 -1 -1 -1
79 1 4 753 626 86 275 -1 -1 -1 -1
79 1 9 1027 612 82 249 -1 -1 -1 -1
79 1 12 812 655 149 424 -1 -1 -1 -1
79 1 13 1179 614 80 284 -1 -1 -1 -1
80 1 1 1 614 120 324 -1 -1 -1 -1
80 1 3 1298 644 188 357 -1 -1 -1 -1
80 1 4 752 626 86 268 -1 -1 -1 -1
80 1 9 1025 612 83 249 -1 -1 -1 -1
80 1 12 794 656 173 423 -1 -1 -1 -1
80 1 13 1180 614 77 284 -1 -1 -1 -1
81 1 1 0 618 121 326 -1 -1 -1 -1
81 1 3 1310 640 188 361 -1 -1 -1 -1
81 1 4 746 617 89 271 -1 -1 -1 -1
81 1 9 1024 612 85 247 -1 -1 -1 -1
81 1 12 779 658 190 421 -1 -1 -1 -1
81 1 13 1179 613 78 286 -1 -1 -1 -1
82 1 1 0 622 121 327 -1 -1 -1 -1
82 1 3 1318 642 201 360 -1 -1 -1 -1
82 1 4 747 625 89 267 -1 -1 -1 -1
82 1 9 1022 614 87 245 -1 -1 -1 -1
82 1 12 774 657 191 420 -1 -1 -1 -1
82 1 13 1178 613 79 287 -1 -1 -1 -1
83 1 1 0 631 121 327 -1 -1 -1 -1
83 1 3 1325 638 206 360 -1 -1 -1 -1
83 1 4 746 628 88 262 -1 -1 -1 -1
83 1 9 1021 615 87 243 -1 -1 -1 -1
83 1 12 772 657 191 421 -1 -1 -1 -1
83 1 13 1177 613 79 287 -1 -1 -1 -1
84 1 1 0 632 118 423 -1 -1 -1 -1
84 1 3 1342 638 204 360 -1 -1 -1 -1
84 1 4 741 611 89 274 -1 -1 -1 -1
84 1 9 1021 616 86 241 -1 -1 -1 -1
84 1 12 770 660 188 415 -1 -1 -1 -1
84 1 13 1176 614 79 288 -1 -1 -1 -1
85 1 1 0 631 114 427 -1 -1 -1 -1
85 1 3 1360 651 202 348 -1 -1 -1 -1
85 1 4 740 609 89 274 -1 -1 -1 -1
85 1 9 1020 617 88 240 -1 -1 -1 -1
85 1 12 773 659 172 418 -1 -1 -1 -1
86 1 1 1 628 104 401 -1 -1 -1 -1
86 1 3 1382 658 199 341 -1 -1 -1 -1
86 1 9 1021 618 84 239 -1 -1 -1 -1
86 1 12 762 651 165 427 -1 -1 -1 -1
86 1 13 1173 616 80 287 -1 -1 -1 -1
87 1 1 4 634 88 329 -1 -1 -1 -1
87 1 3 1419 646 173 351 -1 -1 -1 -1
87 1 9 1023 617 82 241 -1 -1 -1 -1
87 1 12 759 653 155 426 -1 -1 -1 -1
87 1 13 1166 619 88 280 -1 -1 -1 -1
88 1 1 1 631 83 327 -1 -1 -1 -1
88 1 3 1449 642 150 355 -1 -1 -1 -1
88 1 9 1021 616 83 241 -1 -1 -1 -1
88 1 12 754 653 149 426 -1 -1 -1 -1
88 1 13 1163 619 92 278 -1 -1 -1 -1
89 1 1 2 638 63 310 -1 -1 -1 -1
89 1 3 1458 639 158 357 -1 -1 -1 -1
89 1 9 1020 616 84 242 -1 -1 -1 -1
89 1 12 749 652 148 427 -1 -1 -1 -1
89 1 13 1158 621 98 278 -1 -1 -1 -1
90 1 1 3 643 51 299 -1 -1 -1 -1
90 1 3 1479 636 146 357 -1 -1 -1 -1
90 2 5 935 463 41 42 -1 -1 -1 -1
90 1 9 1018 616 83 240 -1 -1 -1 -1
90 1 12 742 651 149 428 -1 -1 -1 -1
90 1 13 1152 622 104 276 -1 -1 -1 -1
91 1 1 2 641 43 297 -1 -1 -1 -1
91 1 3 1489 629 146 367 -1 -1 -1 -1
91 2 5 935 461 40 56 -1 -1 -1 -1
91 1 9 1016 616 84 240 -1 -1 -1 -1
91 1 12 734 650 157 429 -1 -1 -1 -1
91 1 13 1144 625 110 273 -1 -1 -1 -1
92 1 1 0 642 37 294 -1 -1 -1 -1
92 1 3 1500 625 142 369 -1 -1 -1 -1
92 2 5 934 461 43 60 -1 -1 -1 -1
92 1 9 1014 616 84 240 -1 -1 -1 -1
92 1 12 733 648 161 431 -1 -1 -1 -1
93 1 3 1506 624 141 374 -1 -1 -1 -1
93 2 5 934 460 46 61 -1 -1 -1 -1
93 1 9 1011 615 85 241 -1 -1 -1 -1
93 1 12 728 650 168 428 -1 -1 -1 -1
93 1 13 1127 624 128 276 -1 -1 -1 -1
94 1 3 1516 622 156 376 -1 -1 -1 -1
94 2 5 935 459 46 58 -1 -1 -1 -1
94 1 9 1008 616 88 242 -1 -1 -1 -1
94 1 12 720 647 179 428 -1 -1 -1 -1
94 1 13 1122 623 132 277 -1 -1 -1 -1
95 1 3 1522 622 167 372 -1 -1 -1 -1
95 2 5 935 459 46 59 -1 -1 -1 -1
95 1 9 1006 614 86 241 -1 -1 -1 -1
95 1 12 720 648 178 426 -1 -1 -1 -1
96 1 3 1532 628 169 363 -1 -1 -1 -1
96 2 5 935 459 51 53 -1 -1 -1 -1
96 1 9 1005 613 86 240 -1 -1 -1 -1
96 1 12 721 649 180 424 -1 -1 -1 -1
96 1 13 1120 626 130 273 -1 -1 -1 -1
97 1 3 1553 632 155 357 -1 -1 -1 -1
97 2 5 935 459 51 56 -1 -1 -1 -1
97 1 9 1004 613 84 239 -1 -1 -1 -1
97 1 12 718 651 182 423 -1 -1 -1 -1
97 1 13 1119 623 128 276 -1 -1 -1 -1
98 1 3 1577 637 137 348 -1 -1 -1 -1
98 2 5 934 460 48 55 -1 -1 -1 -1
98 1 9 1004 613 83 238 -1 -1 -1 -1
98 1 12 719 651 180 425 -1 -1 -1 -1
98 1 13 1118 621 128 278 -1 -1 -1 -1
99 1 3 1593 640 129 345 -1 -1 -1 -1
99 2 5 936 461 44 54 -1 -1 -1 -1
99 1 9 1003 614 81 237 -1 -1 -1 -1
99 1 12 726 651 169 425 -1 -1 -1 -1
99 1 13 1116 622 123 280 -1 -1 -1 -1
100 1 3 1616 635 114 353 -1 -1 -1 -1
100 2 5 937 461 42 55 -1 -1 -1 -1
100 1 9 1002 612 81 238 -1 -1 -1 -1
100 1 12 732 651 156 424 -1 -1 -1 -1
100 1 13 1114 621 114 282 -1 -1 -1 -1
101 1 2 855 615 67 241 -1 -1 -1 -1
101 1 3 1635 633 107 356 -1 -1 -1 -1
101 2 5 935 461 45 60 -1 -1 -1 -1
101 1 9 1000 612 81 235 -1 -1 -1 -1
101 1 12 729 652 158 418 -1 -1 -1 -1
101 1 13 1110 620 110 281 -1 -1 -1 -1
102 1 2 862 614 66 242 -1 -1 -1 -1
102 1 3 1643 621 117 364 -1 -1 -1 -1
102 2 5 935 461 45 61 -1 -1 -1 -1
102 1 9 999 613 79 234 -1 -1 -1 -1
102 1 12 737 650 148 417 -1 -1 -1 -1
102 1 13 1107 622 104 278 -1 -1 -1 -1
103 1 2 866 610 68 239 -1 -1 -1 -1
103 1 3 1645 619 128 366 -1 -1 -1 -1
103 2 5 933 459 49 60 -1 -1 -1 -1
103 1 9 1001 613 75 233 -1 -1 -1 -1
103 1 12 743 647 142 419 -1 -1 -1 -1
103 1 13 1105 624 93 272 -1 -1 -1 -1
104 1 2 870 610 68 239 -1 -1 -1 -1
104 1 3 1649 618 138 372 -1 -1 -1 -1
104 2 5 935 460 46 60 -1 -1 -1 -1
104 1 9 1001 614 72 232 -1 -1 -1 -1
104 1 12 751 646 134 417 -1 -1 -1 -1
104 1 13 1106 626 79 274 -1 -1 -1 -1
105 1 2 876 608 65 241 -1 -1 -1 -1
105 1 3 1655 615 170 378 -1 -1 -1 -1
105 2 5 935 459 47 60 -1 -1 -1 -1
105 1 9 1000 612 73 233 -1 -1 -1 -1
105 1 12 755 646 125 415 -1 -1 -1 -1
105 1 13 1101 628 74 273 -1 -1 -1 -1
106 1 2 878 609 68 240 -1 -1 -1 -1
106 1 3 1659 619 193 374 -1 -1 -1 -1
106 2 5 934 460 47 60 -1 -1 -1 -1
106 1 9 999 614 73 231 -1 -1 -1 -1
106 1 12 757 646 125 413 -1 -1 -1 -1
106 1 13 1096 631 72 271 -1 -1 -1 -1
107 1 2 874 611 88 234 -1 -1 -1 -1
107 1 3 1661 622 210 373 -1 -1 -1 -1
107 1 4 698 633 79 259 -1 -1 -1 -1
107 2 5 935 460 46 58 -1 -1 -1 -1
107 1 9 998 616 73 231 -1 -1 -1 -1
107 1 12 759 646 123 412 -1 -1 -1 -1
107 1 13 1091 631 72 270 -1 -1 -1 -1
108 1 2 878 614 101 232 -1 -1 -1 -1
108 1 3 1671 630 209 366 -1 -1 -1 -1
108 1 4 695 631 82 262 -1 -1 -1 -1
108 2 5 936 460 44 57 -1 -1 -1 -1
108 1 9 997 616 73 232 -1 -1 -1 -1
108 1 12 763 646 119 411 -1 -1 -1 -1
108 1 13 1084 627 78 277 -1 -1 -1 -1
109 1 2 885 613 101 233 -1 -1 -1 -1
109 1 3 1680 630 202 365 -1 -1 -1 -1
109 1 4 694 630 84 263 -1 -1 -1 -1
109 2 5 935 460 46 55 -1 -1 -1 -1
109 1 9 999 617 67 232 -1 -1 -1 -1
109 1 12 769 643 117 415 -1 -1 -1 -1
109 1 13 1069 627 90 279 -1 -1 -1 -1
110 1 2 886 614 101 233 -1 -1 -1 -1
110 1 3 1697 630 186 364 -1 -1 -1 -1
110 1 4 690 629 88 263 -1 -1 -1 -1
110 2 5 935 461 46 57 -1 -1 -1 -1
110 1 9 996 616 67 234 -1 -1 -1 -1
110 1 12 771 642 118 416 -1 -1 -1 -1
110 1 13 1065 632 93 274 -1 -1 -1 -1
111 1 2 894 615 94 234 -1 -1 -1 -1
111 1 3 1722 630 160 360 -1 -1 -1 -1
111 1 4 684 631 93 261 -1 -1 -1 -1
111 2 5 935 461 47 58 -1 -1 -1 -1
111 1 9 995 615 67 234 -1 -1 -1 -1
111 1 12 773 644 119 412 -1 -1 -1 -1
111 1 13 1058 633 102 272 -1 -1 -1 -1
112 1 2 897 616 93 237 -1 -1 -1 -1
112 1 3 1741 628 142 360 -1 -1 -1 -1
112 1 4 681 633 92 260 -1 -1 -1 -1
112 2 5 935 460 46 59 -1 -1 -1 -1
112 1 9 999 620 63 229 -1 -1 -1 -1
112 1 12 773 647 121 406 -1 -1 -1 -1
112 1 13 1049 630 113 275 -1 -1 -1 -1
113 1 2 901 616 93 237 -1 -1 -1 -1
113 1 3 1771 627 113 361 -1 -1 -1 -1
113 1 4 681 633 90 259 -1 -1 -1 -1
113 2 5 935 460 46 59 -1 -1 -1 -1
113 1 9 999 617 60 233 -1 -1 -1 -1
113 1 12 774 651 122 402 -1 -1 -1 -1
113 1 13 1049 643 112 261 -1 -1 -1 -1
114 1 2 903 616 95 237 -1 -1 -1 -1
114 1 3 1784 620 100 371 -1 -1 -1 -1
114 1 4 676 632 93 262 -1 -1 -1 -1
114 2 5 934 460 48 57 -1 -1 -1 -1
114 1 9 998 617 60 233 -1 -1 -1 -1
114 1 12 774 653 124 396 -1 -1 -1 -1
115 1 2 910 616 89 240 -1 -1 -1 -1
115 1 3 1791 617 97 372 -1 -1 -1 -1
115 1 4 672 632 96 263 -1 -1 -1 -1
115 2 5 933 460 50 57 -1 -1 -1 -1
115 1 12 778 652 124 390 -1 -1 -1 -1
115 1 13 1029 629 128 273 -1 -1 -1 -1
116 1 2 913 613 92 241 -1 -1 -1 -1
116 1 3 1795 617 95 371 -1 -1 -1 -1
116 1 4 669 632 100 263 -1 -1 -1 -1
116 2 5 932 460 53 58 -1 -1 -1 -1
116 1 12 785 654 119 387 -1 -1 -1 -1
116 1 13 1022 628 134 275 -1 -1 -1 -1
117 1 2 918 612 87 242 -1 -1 -1 -1
117 1 3 1794 616 108 369 -1 -1 -1 -1
117 1 4 667 630 99 269 -1 -1 -1 -1
117 2 5 932 459 53 59 -1 -1 -1 -1
117 1 12 788 655 118 385 -1 -1 -1 -1
117 1 13 1022 631 130 271 -1 -1 -1 -1
118 1 2 923 610 79 244 -1 -1 -1 -1
118 1 3 1793 619 120 369 -1 -1 -1 -1
118 1 4 665 630 102 267 -1 -1 -1 -1
118 2 5 932 458 54 61 -1 -1 -1 -1
118 1 12 794 652 115 388 -1 -1 -1 -1
118 1 13 1015 625 134 284 -1 -1 -1 -1
118 1 14 0 622 62 265 -1 -1 -1 -1
119 1 2 927 610 76 248 -1 -1 -1 -1
119 1 3 1793 622 123 371 -1 -1 -1 -1
119 1 4 665 630 101 267 -1 -1 -1 -1
119 2 5 931 458 54 61 -1 -1 -1 -1
119 1 12 802 648 109 386 -1 -1 -1 -1
119 1 13 1012 617 129 292 -1 -1 -1 -1
119 1 14 0 629 63 250 -1 -1 -1 -1
120 1 2 929 611 76 250 -1 -1 -1 -1
120 1 3 1793 624 125 371 -1 -1 -1 -1
120 1 4 664 630 103 268 -1 -1 -1 -1
120 2 5 934 460 49 58 -1 -1 -1 -1
120 1 12 807 646 107 384 -1 -1 -1 -1
120 1 13 1014 619 109 289 -1 -1 -1 -1
120 1 14 0 631 64 243 -1 -1 -1 -1
121 1 2 931 611 73 251 -1 -1 -1 -1
121 1 3 1792 625 127 369 -1 -1 -1 -1
121 1 4 661 629 107 266 -1 -1 -1 -1
121 2 5 934 460 49 58 -1 -1 -1 -1
121 1 12 809 643 111 384 -1 -1 -1 -1
121 1 13 1013 621 92 290 -1 -1 -1 -1
121 1 14 0 625 64 253 -1 -1 -1 -1
122 1 2 932 615 74 250 -1 -1 -1 -1
122 1 3 1792 624 126 369 -1 -1 -1 -1
122 1 4 662 629 100 263 -1 -1 -1 -1
122 2 5 932 460 51 57 -1 -1 -1 -1
122 1 12 810 639 114 388 -1 -1 -1 -1
122 1 13 1011 619 79 290 -1 -1 -1 -1
122 1 14 0 614 64 256 -1 -1 -1 -1
123 1 2 935 617 74 252 -1 -1 -1 -1
123 1 3 1793 621 126 369 -1 -1 -1 -1
123 1 4 660 629 100 261 -1 -1 -1 -1
123 2 5 933 460 50 57 -1 -1 -1 -1
123 1 12 814 639 116 386 -1 -1 -1 -1
123 1 13 1001 622 80 284 -1 -1 -1 -1
123 1 14 0 611 66 261 -1 -1 -1 -1
124 1 2 936 621 74 253 -1 -1 -1 -1
124 1 3 1795 620 124 370 -1 -1 -1 -1
124 1 4 660 629 95 260 -1 -1 -1 -1
124 2 5 932 459 52 58 -1 -1 -1 -1
124 1 12 817 642 110 379 -1 -1 -1 -1
124 1 13 999 622 73 284 -1 -1 -1 -1
124 1 14 0 599 68 269 -1 -1 -1 -1
125 1 2 939 622 73 254 -1 -1 -1 -1
125 1 3 1795 619 123 372 -1 -1 -1 -1
125 1 4 656 628 89 260 -1 -1 -1 -1
125 2 5 932 459 52 58 -1 -1 -1 -1
125 1 12 819 642 112 376 -1 -1 -1 -1
125 1 13 993 627 76 280 -1 -1 -1 -1
126 1 3 1798 617 120 379 -1 -1 -1 -1
126 1 4 652 628 88 259 -1 -1 -1 -1
126 2 5 932 459 52 57 -1 -1 -1 -1
126 1 8 797 628 64 186 -1 -1 -1 -1
126 1 12 821 641 120 375 -1 -1 -1 -1
126 1 13 986 619 83 288 -1 -1 -1 -1
126 1 14 0 601 74 262 -1 -1 -1 -1
127 1 3 1799 617 119 384 -1 -1 -1 -1
127 1 4 650 628 85 257 -1 -1 -1 -1
127 2 5 933 460 50 55 -1 -1 -1 -1
127 1 8 798 626 63 194 -1 -1 -1 -1
127 1 12 824 642 128 375 -1 -1 -1 -1
127 1 13 974 618 95 291 -1 -1 -1 -1
127 1 14 0 602 79 258 -1 -1 -1 -1
128 1 3 1800 617 119 387 -1 -1 -1 -1
128 1 4 648 629 81 254 -1 -1 -1 -1
128 2 5 933 460 50 55 -1 -1 -1 -1
128 1 8 798 621 63 201 -1 -1 -1 -1
128 1 12 830 639 128 378 -1 -1 -1 -1
128 1 13 960 619 111 290 -1 -1 -1 -1
128 1 14 0 607 86 252 -1 -1 -1 -1
129 1 3 1798 619 121 385 -1 -1 -1 -1
129 1 4 648 630 76 256 -1 -1 -1 -1
129 2 5 933 460 50 55 -1 -1 -1 -1
129 1 8 799 618 64 214 -1 -1 -1 -1
129 1 12 833 644 131 371 -1 -1 -1 -1
129 1 13 960 618 110 290 -1 -1 -1 -1
129 1 14 0 613 91 247 -1 -1 -1 -1
130 1 3 1800 621 118 386 -1 -1 -1 -1
130 1 4 647 630 75 257 -1 -1 -1 -1
130 2 5 933 460 50 56 -1 -1 -1 -1
130 1 8 797 616 67 218 -1 -1 -1 -1
130 1 12 838 644 126 370 -1 -1 -1 -1
130 1 13 959 623 109 286 -1 -1 -1 -1
130 1 14 0 614 97 244 -1 -1 -1 -1
131 1 3 1799 622 120 387 -1 -1 -1 -1
131 1 4 643 630 78 258 -1 -1 -1 -1
131 2 5 932 459 52 57 -1 -1 -1 -1
131 1 8 801 614 66 218 -1 -1 -1 -1
131 1 12 842 643 120 370 -1 -1 -1 -1
131 1 13 955 622 112 285 -1 -1 -1 -1
131 1 14 1 619 101 240 -1 -1 -1 -1
132 1 3 1798 622 121 387 -1 -1 -1 -1
132 1 4 639 629 80 259 -1 -1 -1 -1
132 2 5 933 460 50 55 -1 -1 -1 -1
132 1 8 800 612 68 219 -1 -1 -1 -1
132 1 12 842 644 122 369 -1 -1 -1 -1
132 1 13 954 626 118 281 -1 -1 -1 -1
132 1 14 2 622 105 236 -1 -1 -1 -1
133 1 3 1793 623 126 384 -1 -1 -1 -1
133 1 4 629 629 87 260 -1 -1 -1 -1
133 2 5 933 460 50 55 -1 -1 -1 -1
133 1 8 800 611 68 221 -1 -1 -1 -1
133 1 12 844 642 123 369 -1 -1 -1 -1
133 1 13 954 624 111 282 -1 -1 -1 -1
133 1 14 7 621 102 234 -1 -1 -1 -1
134 1 3 1788 626 131 382 -1 -1 -1 -1
134 1 4 618 630 95 259 -1 -1 -1 -1
134 2 5 933 460 50 56 -1 -1 -1 -1
134 1 8 799 610 68 223 -1 -1 -1 -1
134 1 12 854 641 116 366 -1 -1 -1 -1
134 1 13 949 624 113 282 -1 -1 -1 -1
135 1 3 1784 629 134 381 -1 -1 -1 -1
135 1 4 613 631 98 257 -1 -1 -1 -1
135 2 5 932 460 50 56 -1 -1 -1 -1
135 1 8 799 609 65 225 -1 -1 -1 -1
135 1 12 864 634 116 369 -1 -1 -1 -1
135 1 14 9 608 101 246 -1 -1 -1 -1
136 1 3 1777 629 141 382 -1 -1 -1 -1
136 1 4 609 632 99 254 -1 -1 -1 -1
136 2 5 931 459 53 58 -1 -1 -1 -1
136 1 8 794 611 72 223 -1 -1 -1 -1
136 1 12 870 633 113 369 -1 -1 -1 -1
136 1 14 17 602 92 250 -1 -1 -1 -1
137 1 3 1772 630 141 376 -1 -1 -1 -1
137 1 4 603 632 104 252 -1 -1 -1 -1
137 2 5 931 459 53 57 -1 -1 -1 -1
137 1 8 795 610 72 223 -1 -1 -1 -1
137 1 12 879 631 109 373 -1 -1 -1 -1
137 1 14 25 600 87 254 -1 -1 -1 -1
138 1 3 1769 633 146 376 -1 -1 -1 -1
138 1 4 602 632 105 253 -1 -1 -1 -1
138 2 5 931 459 53 57 -1 -1 -1 -1
138 1 8 794 610 74 222 -1 -1 -1 -1
138 1 12 886 631 104 371 -1 -1 -1 -1
138 1 14 28 595 85 256 -1 -1 -1 -1
139 1 3 1760 632 154 376 -1 -1 -1 -1
139 1 4 602 631 104 256 -1 -1 -1 -1
139 2 5 932 460 51 56 -1 -1 -1 -1
139 1 8 796 611 73 222 -1 -1 -1 -1
139 1 12 890 632 100 369 -1 -1 -1 -1
139 1 14 31 595 85 257 -1 -1 -1 -1
140 1 3 1754 633 159 375 -1 -1 -1 -1
140 1 4 598 631 107 256 -1 -1 -1 -1
140 2 5 932 460 51 56 -1 -1 -1 -1
140 1 8 795 611 74 223 -1 -1 -1 -1
140 1 12 891 631 109 369 -1 -1 -1 -1
140 1 14 33 599 83 253 -1 -1 -1 -1
141 1 3 1747 632 146 375 -1 -1 -1 -1
141 1 4 596 631 108 258 -1 -1 -1 -1
141 2 5 931 459 53 57 -1 -1 -1 -1
141 1 8 792 612 77 222 -1 -1 -1 -1
141 1 12 896 630 105 374 -1 -1 -1 -1
141 1 14 35 605 83 246 -1 -1 -1 -1
142 1 3 1744 631 144 374 -1 -1 -1 -1
142 1 4 594 630 110 260 -1 -1 -1 -1
142 2 5 931 459 53 57 -1 -1 -1 -1
142 1 8 790 611 77 223 -1 -1 -1 -1
142 1 12 898 632 108 369 -1 -1 -1 -1
142 1 14 37 611 84 243 -1 -1 -1 -1