8 0 3 835 424 24 25 -1 -1 -1 -1
9 0 3 842 436 23 20 -1 -1 -1 -1
12 0 3 861 483 21 20 -1 -1 -1 -1
13 0 3 865 499 22 21 -1 -1 -1 -1
14 0 3 868 500 23 22 -1 -1 -1 -1
15 0 3 870 486 23 21 -1 -1 -1 -1
16 0 3 875 494 22 20 -1 -1 -1 -1
17 0 3 876 453 21 23 -1 -1 -1 -1
18 0 3 878 437 22 23 -1 -1 -1 -1
21 0 3 883 404 26 30 -1 -1 -1 -1
34 0 3 882 383 29 28 -1 -1 -1 -1
35 0 3 879 383 29 28 -1 -1 -1 -1
36 0 3 876 384 32 29 -1 -1 -1 -1
37 0 3 876 390 29 27 -1 -1 -1 -1
38 0 3 874 396 26 24 -1 -1 -1 -1
39 0 3 870 402 26 22 -1 -1 -1 -1
40 0 3 869 406 27 23 -1 -1 -1 -1
41 0 3 871 412 22 23 -1 -1 -1 -1
42 0 3 871 421 22 22 -1 -1 -1 -1
46 0 3 880 466 23 21 -1 -1 -1 -1
48 0 3 887 492 22 22 -1 -1 -1 -1
68 0 3 899 433 25 23 -1 -1 -1 -1
69 0 3 897 432 27 24 -1 -1 -1 -1
71 0 3 895 432 27 24 -1 -1 -1 -1
72 0 3 895 433 26 24 -1 -1 -1 -1
73 0 3 895 434 25 24 -1 -1 -1 -1
74 0 3 896 436 22 25 -1 -1 -1 -1
75 0 3 896 435 22 26 -1 -1 -1 -1
79 0 3 899 485 19 21 -1 -1 -1 -1
80 0 3 901 486 18 20 -1 -1 -1 -1
84 0 3 912 407 18 20 -1 -1 -1 -1
93 0 3 894 422 25 22 -1 -1 -1 -1
95 0 3 891 424 23 23 -1 -1 -1 -1
96 0 3 891 427 23 20 -1 -1 -1 -1
99 0 3 895 436 21 21 -1 -1 -1 -1
111 0 3 993 467 22 22 -1 -1 -1 -1
113 0 3 1005 456 22 25 -1 -1 -1 -1
114 0 3 1005 451 24 28 -1 -1 -1 -1
115 0 3 1004 450 25 28 -1 -1 -1 -1
116 0 3 1003 450 24 27 -1 -1 -1 -1
117 0 3 1000 451 22 26 -1 -1 -1 -1
118 0 3 994 448 24 31 -1 -1 -1 -1
119 0 3 989 453 23 28 -1 -1 -1 -1
120 0 3 986 454 24 30 -1 -1 -1 -1
133 0 3 940 439 22 24 -1 -1 -1 -1
134 0 3 940 435 23 23 -1 -1 -1 -1
135 0 3 938 433 25 22 -1 -1 -1 -1
136 0 3 939 430 22 22 -1 -1 -1 -1
137 0 3 939 425 22 23 -1 -1 -1 -1
138 0 3 938 422 25 25 -1 -1 -1 -1
139 0 3 939 418 24 25 -1 -1 -1 -1
140 0 3 940 418 25 25 -1 -1 -1 -1
141 0 3 943 420 24 23 -1 -1 -1 -1
142 0 3 947 424 21 22 -1 -1 -1 -1
145 0 3 959 441 23 23 -1 -1 -1 -1
146 0 3 967 453 23 28 -1 -1 -1 -1
149 0 3 992 498 29 22 -1 -1 -1 -1
150 0 3 998 499 23 22 -1 -1 -1 -1
151 0 3 1007 485 22 24 -1 -1 -1 -1
152 0 3 1015 477 22 24 -1 -1 -1 -1
156 0 3 1048 441 18 26 -1 -1 -1 -1
158 0 3 1056 435 23 24 -1 -1 -1 -1
159 0 3 1061 429 22 23 -1 -1 -1 -1
160 0 3 1066 427 25 24 -1 -1 -1 -1
161 0 3 1072 422 21 26 -1 -1 -1 -1
162 0 3 1074 421 25 27 -1 -1 -1 -1
163 0 3 1079 421 25 24 -1 -1 -1 -1
164 0 3 1082 420 25 23 -1 -1 -1 -1
165 0 3 1084 418 28 25 -1 -1 -1 -1
166 0 3 1086 420 28 24 -1 -1 -1 -1
167 0 3 1091 421 27 26 -1 -1 -1 -1
168 0 3 1094 422 27 27 -1 -1 -1 -1
169 0 3 1097 425 27 24 -1 -1 -1 -1
170 0 3 1099 427 26 24 -1 -1 -1 -1
171 0 3 1100 430 25 23 -1 -1 -1 -1
172 0 3 1096 433 31 24 -1 -1 -1 -1
173 0 3 1095 437 28 22 -1 -1 -1 -1
174 0 3 1096 441 25 21 -1 -1 -1 -1
175 0 3 1095 448 22 22 -1 -1 -1 -1
176 0 3 1093 454 22 27 -1 -1 -1 -1
177 0 3 1094 467 23 28 -1 -1 -1 -1
178 0 3 1099 485 23 28 -1 -1 -1 -1
179 0 3 1099 508 26 31 -1 -1 -1 -1
180 0 3 1101 529 29 27 -1 -1 -1 -1
181 0 3 1107 514 25 26 -1 -1 -1 -1
182 0 3 1109 520 25 26 -1 -1 -1 -1
183 0 3 1110 481 27 27 -1 -1 -1 -1
184 0 3 1053 420 21 30 -1 -1 -1 -1
185 0 3 1048 414 21 31 -1 -1 -1 -1
186 0 3 1102 455 29 29 -1 -1 -1 -1
187 0 3 1098 453 34 26 -1 -1 -1 -1
188 0 3 1100 451 27 25 -1 -1 -1 -1
189 0 3 1093 447 28 26 -1 -1 -1 -1
190 0 3 1084 446 26 25 -1 -1 -1 -1
191 0 3 1074 448 28 26 -1 -1 -1 -1
192 0 3 1058 453 30 29 -1 -1 -1 -1
193 0 3 1041 459 29 29 -1 -1 -1 -1
194 0 3 1022 468 33 31 -1 -1 -1 -1
195 0 3 1007 483 37 32 -1 -1 -1 -1
196 0 3 999 487 38 31 -1 -1 -1 -1
198 0 3 962 560 36 34 -1 -1 -1 -1
199 0 3 954 553 34 36 -1 -1 -1 -1
200 0 3 947 529 33 36 -1 -1 -1 -1
201 0 3 944 514 30 32 -1 -1 -1 -1
202 0 3 935 500 31 32 -1 -1 -1 -1
203 0 3 921 484 36 39 -1 -1 -1 -1
204 0 3 906 479 35 36 -1 -1 -1 -1
205 0 3 888 472 32 36 -1 -1 -1 -1
206 0 3 867 468 34 38 -1 -1 -1 -1
207 0 3 836 466 41 39 -1 -1 -1 -1
209 0 3 788 467 42 40 -1 -1 -1 -1
210 0 3 766 476 36 33 -1 -1 -1 -1
211 0 3 737 478 35 32 -1 -1 -1 -1
213 0 3 687 475 38 28 -1 -1 -1 -1
214 0 3 672 468 36 30 -1 -1 -1 -1
215 0 3 657 461 31 34 -1 -1 -1 -1
216 0 3 636 457 38 36 -1 -1 -1 -1
217 0 3 616 457 39 36 -1 -1 -1 -1
218 0 3 596 459 39 35 -1 -1 -1 -1
219 0 3 576 460 37 35 -1 -1 -1 -1
222 0 3 604 450 34 35 -1 -1 -1 -1
223 0 3 512 419 36 38 -1 -1 -1 -1
229 0 3 423 341 36 41 -1 -1 -1 -1
230 0 3 413 329 33 36 -1 -1 -1 -1
231 0 3 406 316 29 31 -1 -1 -1 -1
232 0 3 396 301 32 30 -1 -1 -1 -1
233 0 3 392 286 31 31 -1 -1 -1 -1
234 0 3 393 272 26 30 -1 -1 -1 -1
238 0 3 391 225 27 34 -1 -1 -1 -1
239 0 3 390 218 24 31 -1 -1 -1 -1
240 0 3 390 211 26 31 -1 -1 -1 -1
241 0 3 389 205 27 30 -1 -1 -1 -1
242 0 3 388 201 27 30 -1 -1 -1 -1
243 0 3 386 195 36 33 -1 -1 -1 -1
244 0 3 390 193 35 36 -1 -1 -1 -1
245 0 3 393 191 34 37 -1 -1 -1 -1
246 0 3 398 193 33 36 -1 -1 -1 -1
247 0 3 405 195 29 32 -1 -1 -1 -1
248 0 3 408 196 29 30 -1 -1 -1 -1
249 0 3 414 198 24 29 -1 -1 -1 -1
250 0 3 417 203 27 32 -1 -1 -1 -1
251 0 3 419 207 28 33 -1 -1 -1 -1
253 0 3 426 224 27 28 -1 -1 -1 -1
254 0 3 429 230 29 27 -1 -1 -1 -1
264 0 3 443 269 29 37 -1 -1 -1 -1
265 0 3 441 280 30 32 -1 -1 -1 -1
266 0 3 443 288 28 29 -1 -1 -1 -1
267 0 3 442 296 28 28 -1 -1 -1 -1
268 0 3 442 300 30 29 -1 -1 -1 -1
269 0 3 441 315 26 33 -1 -1 -1 -1
270 0 3 439 325 29 34 -1 -1 -1 -1
270 1 21 916 360 78 24 -1 -1 -1 -1
271 0 3 439 337 29 33 -1 -1 -1 -1
272 0 3 439 340 30 35 -1 -1 -1 -1
278 0 3 473 375 25 28 -1 -1 -1 -1
283 0 3 511 419 32 33 -1 -1 -1 -1
284 0 3 522 425 24 30 -1 -1 -1 -1
301 0 3 579 412 33 36 -1 -1 -1 -1
302 0 3 584 408 33 32 -1 -1 -1 -1
303 0 3 595 404 27 32 -1 -1 -1 -1
304 0 3 602 400 25 33 -1 -1 -1 -1
305 0 3 607 400 26 32 -1 -1 -1 -1
306 0 3 611 398 32 34 -1 -1 -1 -1
311 0 3 670 390 22 26 -1 -1 -1 -1
318 0 3 749 422 22 26 -1 -1 -1 -1
319 0 3 759 431 21 24 -1 -1 -1 -1
320 0 3 768 440 21 22 -1 -1 -1 -1
321 0 3 775 452 24 20 -1 -1 -1 -1
322 0 3 788 461 20 19 -1 -1 -1 -1
322 0 21 183 451 42 50 -1 -1 -1 -1
323 0 3 795 470 23 23 -1 -1 -1 -1
323 0 21 194 450 42 50 -1 -1 -1 -1
324 0 3 805 485 24 22 -1 -1 -1 -1
324 0 21 200 452 41 49 -1 -1 -1 -1
325 0 3 814 492 21 24 -1 -1 -1 -1
326 0 3 820 498 24 33 -1 -1 -1 -1
333 0 3 848 433 22 25 -1 -1 -1 -1
337 0 3 865 413 24 24 -1 -1 -1 -1
338 0 3 866 412 22 26 -1 -1 -1 -1
339 0 3 870 408 23 27 -1 -1 -1 -1
340 0 21 484 415 28 37 -1 -1 -1 -1
341 0 21 488 416 28 35 -1 -1 -1 -1
342 0 21 492 417 27 33 -1 -1 -1 -1
343 0 21 495 414 28 37 -1 -1 -1 -1
344 0 3 897 407 29 21 -1 -1 -1 -1
345 0 3 898 407 32 19 -1 -1 -1 -1
346 0 3 902 405 31 20 -1 -1 -1 -1
346 0 21 507 417 28 35 -1 -1 -1 -1
347 0 3 905 402 31 21 -1 -1 -1 -1
348 0 3 906 399 31 23 -1 -1 -1 -1
348 0 21 514 415 26 35 -1 -1 -1 -1
349 0 3 912 398 26 23 -1 -1 -1 -1
349 0 21 516 415 32 36 -1 -1 -1 -1
350 0 3 916 399 25 22 -1 -1 -1 -1
351 0 3 916 400 24 22 -1 -1 -1 -1
352 0 3 915 400 24 22 -1 -1 -1 -1
353 0 3 910 401 31 23 -1 -1 -1 -1
354 0 3 908 404 31 24 -1 -1 -1 -1
355 0 3 906 409 31 27 -1 -1 -1 -1
356 0 3 904 420 21 28 -1 -1 -1 -1
357 0 3 905 422 20 28 -1 -1 -1 -1
362 0 3 873 504 29 28 -1 -1 -1 -1
363 0 3 871 511 24 24 -1 -1 -1 -1
364 0 3 867 499 24 23 -1 -1 -1 -1
364 0 21 555 468 36 51 -1 -1 -1 -1
365 0 3 862 488 26 24 -1 -1 -1 -1
365 0 21 559 470 37 49 -1 -1 -1 -1
366 0 3 859 478 26 23 -1 -1 -1 -1
366 0 21 565 468 36 50 -1 -1 -1 -1
367 0 3 857 470 23 23 -1 -1 -1 -1
367 0 21 568 462 41 50 -1 -1 -1 -1
368 0 3 852 461 22 22 -1 -1 -1 -1
368 0 21 572 462 40 47 -1 -1 -1 -1
369 0 3 849 461 22 22 -1 -1 -1 -1
370 0 3 846 447 23 22 -1 -1 -1 -1
370 0 21 584 458 36 45 -1 -1 -1 -1
371 0 3 842 441 24 22 -1 -1 -1 -1
371 0 21 588 456 34 44 -1 -1 -1 -1
372 0 3 839 438 23 22 -1 -1 -1 -1
373 0 3 831 435 26 23 -1 -1 -1 -1
373 0 21 600 457 28 37 -1 -1 -1 -1
374 0 3 831 430 27 25 -1 -1 -1 -1
375 0 3 835 424 24 27 -1 -1 -1 -1
376 0 3 837 420 26 31 -1 -1 -1 -1
377 0 3 829 410 37 32 -1 -1 -1 -1
377 0 21 613 455 35 34 -1 -1 -1 -1
378 0 3 829 409 40 32 -1 -1 -1 -1
378 0 21 619 450 34 38 -1 -1 -1 -1
379 0 3 835 408 38 32 -1 -1 -1 -1
379 0 21 623 449 35 38 -1 -1 -1 -1
380 0 3 847 412 31 31 -1 -1 -1 -1
380 0 21 625 453 40 33 -1 -1 -1 -1
381 0 3 852 409 34 31 -1 -1 -1 -1
382 0 3 859 407 30 31 -1 -1 -1 -1
383 0 3 863 405 34 36 -1 -1 -1 -1
384 0 3 864 402 36 38 -1 -1 -1 -1
385 0 21 651 448 43 44 -1 -1 -1 -1
385 0 30 875 413 39 26 -1 -1 -1 -1
386 0 21 655 447 45 45 -1 -1 -1 -1
387 0 30 911 426 22 21 -1 -1 -1 -1
388 0 30 923 434 24 21 -1 -1 -1 -1
389 0 30 934 441 24 22 -1 -1 -1 -1
390 0 30 947 453 21 20 -1 -1 -1 -1
391 0 3 953 462 29 24 -1 -1 -1 -1
392 0 3 967 473 24 23 -1 -1 -1 -1
396 0 21 957 664 30 39 -1 -1 -1 -1
397 0 3 1010 500 25 23 -1 -1 -1 -1
397 0 21 979 679 29 39 -1 -1 -1 -1
403 0 3 1038 443 21 26 -1 -1 -1 -1
409 0 21 751 434 58 65 -1 -1 -1 -1
412 0 3 1049 429 46 30 -1 -1 -1 -1
413 0 3 1052 428 44 31 -1 -1 -1 -1
425 0 3 1084 385 35 31 -1 -1 -1 -1
426 0 3 1087 375 28 30 -1 -1 -1 -1
427 0 3 1090 370 26 30 -1 -1 -1 -1
428 0 3 1095 355 29 30 -1 -1 -1 -1
429 0 3 1097 345 27 29 -1 -1 -1 -1
430 0 3 1101 337 28 30 -1 -1 -1 -1
431 0 3 1103 330 29 31 -1 -1 -1 -1
432 0 21 1227 465 50 70 -1 -1 -1 -1
433 0 21 1235 463 43 69 -1 -1 -1 -1
436 0 3 1119 306 33 32 -1 -1 -1 -1
437 0 3 1120 304 38 31 -1 -1 -1 -1
437 0 21 1245 460 34 64 -1 -1 -1 -1
438 0 3 1128 306 35 30 -1 -1 -1 -1
439 0 3 1131 306 37 33 -1 -1 -1 -1
442 0 3 1150 321 41 41 -1 -1 -1 -1
443 0 3 1150 332 49 44 -1 -1 -1 -1
444 0 3 1155 342 55 46 -1 -1 -1 -1
445 0 3 1164 362 53 42 -1 -1 -1 -1
446 0 3 1169 380 61 48 -1 -1 -1 -1
447 0 3 1179 401 63 51 -1 -1 -1 -1
448 0 3 1188 432 65 52 -1 -1 -1 -1
448 0 21 930 393 33 31 -1 -1 -1 -1
449 0 3 1202 464 46 52 -1 -1 -1 -1
454 0 21 911 387 37 33 -1 -1 -1 -1
455 0 21 909 386 38 34 -1 -1 -1 -1
456 0 21 906 385 40 34 -1 -1 -1 -1
457 0 21 903 390 38 27 -1 -1 -1 -1
461 0 21 900 389 29 26 -1 -1 -1 -1
462 0 21 899 388 29 27 -1 -1 -1 -1
463 0 3 1076 651 59 68 -1 -1 -1 -1
464 0 3 1064 655 65 64 -1 -1 -1 -1
473 0 21 875 392 21 22 -1 -1 -1 -1
474 0 21 872 392 21 22 -1 -1 -1 -1
475 0 3 895 635 77 66 -1 -1 -1 -1
476 0 3 896 596 71 74 -1 -1 -1 -1
476 0 21 866 392 19 26 -1 -1 -1 -1
477 0 3 883 591 73 77 -1 -1 -1 -1
477 0 21 864 391 19 26 -1 -1 -1 -1
478 0 21 859 391 22 25 -1 -1 -1 -1
478 0 30 939 537 69 68 -1 -1 -1 -1
479 0 21 856 391 22 25 -1 -1 -1 -1
480 0 30 983 515 72 57 -1 -1 -1 -1
481 0 30 1000 502 62 56 -1 -1 -1 -1
482 0 21 847 390 23 24 -1 -1 -1 -1
482 0 30 1002 488 64 55 -1 -1 -1 -1
483 0 21 847 390 23 25 -1 -1 -1 -1
483 0 30 998 470 67 53 -1 -1 -1 -1
484 0 21 842 389 28 26 -1 -1 -1 -1
484 0 30 986 450 71 54 -1 -1 -1 -1
485 0 21 840 389 27 25 -1 -1 -1 -1
486 0 3 969 403 67 61 -1 -1 -1 -1
487 0 3 954 385 66 59 -1 -1 -1 -1
488 0 3 940 361 72 60 -1 -1 -1 -1
489 0 3 929 327 64 61 -1 -1 -1 -1
490 0 3 908 276 61 62 -1 -1 -1 -1
491 0 3 875 233 62 63 -1 -1 -1 -1
492 0 3 846 193 64 61 -1 -1 -1 -1
493 0 3 820 158 60 59 -1 -1 -1 -1
494 0 3 797 128 57 57 -1 -1 -1 -1
495 0 3 775 101 54 57 -1 -1 -1 -1
496 0 3 753 81 52 54 -1 -1 -1 -1
497 0 3 734 63 51 49 -1 -1 -1 -1
498 0 3 712 49 53 45 -1 -1 -1 -1
498 0 21 705 440 38 43 -1 -1 -1 -1
499 0 3 696 35 48 45 -1 -1 -1 -1
499 0 21 697 437 42 42 -1 -1 -1 -1
500 0 3 680 22 49 49 -1 -1 -1 -1
501 0 3 664 13 49 48 -1 -1 -1 -1
502 0 3 650 8 47 48 -1 -1 -1 -1
503 0 3 636 6 46 43 -1 -1 -1 -1
503 0 21 862 478 29 34 -1 -1 -1 -1
504 0 3 624 5 44 42 -1 -1 -1 -1
505 0 3 613 5 40 42 -1 -1 -1 -1
506 0 3 598 7 42 39 -1 -1 -1 -1
506 0 21 674 432 34 34 -1 -1 -1 -1
507 0 3 587 9 43 39 -1 -1 -1 -1
507 0 21 671 431 32 34 -1 -1 -1 -1
508 0 3 572 8 43 38 -1 -1 -1 -1
508 0 21 669 432 34 33 -1 -1 -1 -1
509 0 21 664 431 35 34 -1 -1 -1 -1
511 0 37 546 34 38 37 -1 -1 -1 -1
512 0 37 537 43 37 40 -1 -1 -1 -1
513 0 37 529 53 35 39 -1 -1 -1 -1
514 0 37 519 65 36 36 -1 -1 -1 -1
515 0 37 511 78 35 35 -1 -1 -1 -1
516 0 37 503 91 33 34 -1 -1 -1 -1
517 0 37 497 106 32 33 -1 -1 -1 -1
518 0 37 490 121 29 33 -1 -1 -1 -1
519 0 37 484 136 28 34 -1 -1 -1 -1
520 0 37 475 153 29 31 -1 -1 -1 -1
521 0 37 469 171 28 31 -1 -1 -1 -1
522 0 37 463 187 30 32 -1 -1 -1 -1
523 0 37 463 204 21 31 -1 -1 -1 -1
524 0 37 452 220 24 27 -1 -1 -1 -1
525 0 37 453 215 20 25 -1 -1 -1 -1
526 0 21 829 646 26 38 -1 -1 -1 -1
526 0 37 449 213 23 26 -1 -1 -1 -1
527 0 21 831 632 27 35 -1 -1 -1 -1
527 0 37 447 207 21 28 -1 -1 -1 -1
528 0 21 835 619 37 34 -1 -1 -1 -1
528 0 37 443 205 23 29 -1 -1 -1 -1
529 0 21 842 628 38 32 -1 -1 -1 -1
529 0 37 440 204 24 31 -1 -1 -1 -1
530 0 37 435 210 24 31 -1 -1 -1 -1
531 0 37 435 206 27 33 -1 -1 -1 -1
531 0 39 852 597 44 58 -1 -1 -1 -1
532 0 37 437 206 25 34 -1 -1 -1 -1
533 0 37 433 210 26 35 -1 -1 -1 -1
534 0 37 451 207 24 27 -1 -1 -1 -1
535 0 37 457 212 23 25 -1 -1 -1 -1
536 0 37 463 213 25 27 -1 -1 -1 -1
537 0 37 470 219 24 29 -1 -1 -1 -1
538 0 37 478 224 25 28 -1 -1 -1 -1
539 0 37 487 230 21 28 -1 -1 -1 -1
540 0 37 492 238 24 29 -1 -1 -1 -1
541 0 37 496 246 30 31 -1 -1 -1 -1
542 0 37 504 258 28 32 -1 -1 -1 -1
543 0 37 509 269 27 28 -1 -1 -1 -1
544 0 37 517 281 26 28 -1 -1 -1 -1
545 0 37 523 293 28 29 -1 -1 -1 -1
547 0 37 532 325 33 32 -1 -1 -1 -1
548 0 37 540 340 34 41 -1 -1 -1 -1
552 1 21 942 452 47 22 -1 -1 -1 -1
552 0 37 566 412 27 32 -1 -1 -1 -1
558 0 21 953 389 30 30 -1 -1 -1 -1
562 0 21 936 388 33 31 -1 -1 -1 -1
563 0 21 936 383 33 31 -1 -1 -1 -1
564 0 30 602 474 29 32 -1 -1 -1 -1
565 0 30 604 471 26 31 -1 -1 -1 -1
567 0 30 606 468 29 29 -1 -1 -1 -1
568 0 30 610 468 24 28 -1 -1 -1 -1
569 0 21 911 387 28 33 -1 -1 -1 -1
569 0 30 614 468 24 28 -1 -1 -1 -1
570 0 21 909 385 27 33 -1 -1 -1 -1
571 0 21 907 390 26 32 -1 -1 -1 -1
571 0 30 626 469 25 29 -1 -1 -1 -1
572 0 21 905 389 25 32 -1 -1 -1 -1
577 0 30 679 472 29 29 -1 -1 -1 -1
578 0 30 685 474 28 28 -1 -1 -1 -1
579 0 30 698 470 24 27 -1 -1 -1 -1
580 0 30 702 467 25 31 -1 -1 -1 -1
581 0 30 703 465 29 31 -1 -1 -1 -1
582 0 30 701 462 33 32 -1 -1 -1 -1
583 0 30 701 461 32 30 -1 -1 -1 -1
584 0 30 702 460 28 27 -1 -1 -1 -1
585 0 30 701 457 26 27 -1 -1 -1 -1
586 0 30 703 457 20 24 -1 -1 -1 -1
605 0 30 706 473 20 29 -1 -1 -1 -1
607 0 30 705 454 23 26 -1 -1 -1 -1
608 0 30 706 449 25 25 -1 -1 -1 -1
609 0 30 706 442 24 25 -1 -1 -1 -1
610 0 30 710 438 25 25 -1 -1 -1 -1
611 0 30 711 434 25 23 -1 -1 -1 -1
613 0 30 718 429 17 23 -1 -1 -1 -1
631 0 21 826 437 27 26 -1 -1 -1 -1
651 0 21 914 392 25 28 -1 -1 -1 -1
652 0 21 918 389 26 29 -1 -1 -1 -1
653 0 30 929 395 24 28 -1 -1 -1 -1
654 0 30 936 395 23 27 -1 -1 -1 -1
655 0 30 945 401 26 27 -1 -1 -1 -1
656 0 30 955 408 24 24 -1 -1 -1 -1
657 0 30 962 414 24 22 -1 -1 -1 -1
658 0 30 966 422 30 22 -1 -1 -1 -1
659 0 30 976 432 28 21 -1 -1 -1 -1
661 0 30 992 463 25 22 -1 -1 -1 -1
665 0 30 1006 500 25 23 -1 -1 -1 -1
666 0 30 1008 486 22 22 -1 -1 -1 -1
666 0 37 1000 478 31 34 -1 -1 -1 -1
667 0 30 1009 470 21 26 -1 -1 -1 -1
668 0 30 1007 460 27 22 -1 -1 -1 -1
669 0 30 997 447 37 22 -1 -1 -1 -1
670 0 30 1009 440 27 23 -1 -1 -1 -1
671 0 30 1008 435 31 24 -1 -1 -1 -1
672 0 30 1018 429 25 23 -1 -1 -1 -1
673 0 30 1022 427 25 22 -1 -1 -1 -1
674 0 30 1025 421 23 22 -1 -1 -1 -1
674 0 37 1018 417 34 34 -1 -1 -1 -1
675 0 30 1028 416 24 24 -1 -1 -1 -1
676 0 30 1034 414 20 24 -1 -1 -1 -1
677 0 30 1037 411 24 25 -1 -1 -1 -1
678 0 30 1039 410 25 26 -1 -1 -1 -1
679 0 30 1043 409 26 26 -1 -1 -1 -1
680 0 30 1051 408 25 25 -1 -1 -1 -1
681 0 30 1053 405 28 28 -1 -1 -1 -1
682 0 30 1060 404 27 30 -1 -1 -1 -1
683 0 30 1063 404 29 29 -1 -1 -1 -1
684 0 30 1069 404 27 27 -1 -1 -1 -1
685 0 30 1075 404 26 28 -1 -1 -1 -1
686 0 30 1078 405 29 29 -1 -1 -1 -1
687 0 30 1083 404 28 29 -1 -1 -1 -1
688 0 30 1086 407 27 28 -1 -1 -1 -1
689 0 30 1094 413 26 27 -1 -1 -1 -1
690 0 30 1094 419 31 27 -1 -1 -1 -1
691 0 30 1101 425 31 28 -1 -1 -1 -1
692 0 30 1108 435 26 27 -1 -1 -1 -1
693 0 30 1111 448 29 27 -1 -1 -1 -1
694 0 30 1116 463 25 29 -1 -1 -1 -1
695 0 21 606 506 19 31 -1 -1 -1 -1
695 0 30 1115 483 29 29 -1 -1 -1 -1
696 0 21 606 508 18 30 -1 -1 -1 -1
696 0 30 1115 504 32 28 -1 -1 -1 -1
697 0 21 605 508 19 30 -1 -1 -1 -1
697 0 30 1119 525 26 27 -1 -1 -1 -1
698 0 21 604 508 19 30 -1 -1 -1 -1
698 0 30 1119 539 29 28 -1 -1 -1 -1
699 0 21 600 510 20 31 -1 -1 -1 -1
700 0 30 1118 506 28 26 -1 -1 -1 -1
701 0 30 1119 491 27 27 -1 -1 -1 -1
702 0 21 592 504 22 34 -1 -1 -1 -1
702 0 30 1118 475 28 31 -1 -1 -1 -1
703 0 21 588 505 24 35 -1 -1 -1 -1
704 0 30 1117 453 30 30 -1 -1 -1 -1
705 0 3 354 689 28 30 -1 -1 -1 -1
705 0 30 1118 445 31 30 -1 -1 -1 -1
706 0 3 346 688 30 31 -1 -1 -1 -1
706 0 30 1119 440 30 26 -1 -1 -1 -1
707 0 3 338 687 29 32 -1 -1 -1 -1
707 0 30 1120 436 30 26 -1 -1 -1 -1
708 0 3 325 685 32 34 -1 -1 -1 -1
708 0 30 1120 431 33 26 -1 -1 -1 -1
709 0 3 315 692 34 27 -1 -1 -1 -1
710 0 30 1122 423 31 28 -1 -1 -1 -1
711 0 30 1122 421 33 30 -1 -1 -1 -1
712 0 30 1123 421 33 29 -1 -1 -1 -1
713 0 30 1123 420 34 30 -1 -1 -1 -1
714 0 30 1121 419 40 32 -1 -1 -1 -1
715 0 30 1120 418 41 32 -1 -1 -1 -1
716 0 30 1118 418 43 32 -1 -1 -1 -1
717 0 30 1118 418 42 32 -1 -1 -1 -1
718 0 30 1119 419 39 32 -1 -1 -1 -1
719 0 30 1117 420 37 32 -1 -1 -1 -1
720 0 30 1115 423 35 31 -1 -1 -1 -1
721 0 30 1113 428 33 30 -1 -1 -1 -1
722 0 30 1111 433 34 31 -1 -1 -1 -1
723 0 30 1113 443 30 31 -1 -1 -1 -1
724 0 30 1114 452 31 32 -1 -1 -1 -1
725 0 30 1112 467 33 32 -1 -1 -1 -1
726 0 30 1114 485 27 35 -1 -1 -1 -1
727 0 30 1111 510 32 29 -1 -1 -1 -1
728 0 21 932 403 22 28 -1 -1 -1 -1
728 0 30 1113 532 28 29 -1 -1 -1 -1
729 0 21 947 399 21 27 -1 -1 -1 -1
729 0 30 1108 557 35 31 -1 -1 -1 -1
730 0 30 1107 577 34 35 -1 -1 -1 -1
730 0 37 1114 458 21 38 -1 -1 -1 -1
731 0 30 1106 556 36 33 -1 -1 -1 -1
732 0 21 1060 398 28 26 -1 -1 -1 -1
732 0 30 1108 540 31 30 -1 -1 -1 -1
733 0 21 1057 398 30 27 -1 -1 -1 -1
733 0 30 1109 523 28 29 -1 -1 -1 -1
734 0 21 1057 400 27 25 -1 -1 -1 -1
734 0 30 1109 506 25 31 -1 -1 -1 -1
735 0 21 1056 400 28 27 -1 -1 -1 -1
735 0 30 1107 491 31 33 -1 -1 -1 -1
736 0 21 1053 401 32 27 -1 -1 -1 -1
736 0 30 1106 478 31 31 -1 -1 -1 -1
737 0 21 1049 399 39 29 -1 -1 -1 -1
737 0 30 1106 466 28 30 -1 -1 -1 -1
738 0 21 1059 398 42 28 -1 -1 -1 -1
739 0 30 1102 448 35 30 -1 -1 -1 -1
740 0 30 1101 439 32 30 -1 -1 -1 -1
741 0 30 1098 435 38 31 -1 -1 -1 -1
742 0 30 1097 428 38 32 -1 -1 -1 -1
743 0 30 1095 423 41 34 -1 -1 -1 -1
744 0 30 1096 421 39 33 -1 -1 -1 -1
745 0 30 1094 418 41 35 -1 -1 -1 -1
746 0 30 1093 415 41 36 -1 -1 -1 -1
747 0 30 1091 412 42 38 -1 -1 -1 -1
748 0 30 1088 413 42 37 -1 -1 -1 -1
749 0 30 1089 415 40 37 -1 -1 -1 -1
750 0 30 1085 418 42 36 -1 -1 -1 -1
751 0 30 1079 422 41 36 -1 -1 -1 -1
752 0 30 1072 429 42 34 -1 -1 -1 -1
753 0 30 1074 436 37 33 -1 -1 -1 -1
754 0 30 1066 445 42 34 -1 -1 -1 -1
755 0 30 1066 459 37 33 -1 -1 -1 -1
756 0 21 1037 404 34 29 -1 -1 -1 -1
756 0 30 1062 473 34 36 -1 -1 -1 -1
757 0 21 1037 404 31 28 -1 -1 -1 -1
757 0 30 1059 476 35 38 -1 -1 -1 -1
758 0 21 1036 403 31 28 -1 -1 -1 -1
758 0 30 1061 515 35 36 -1 -1 -1 -1
759 0 21 1034 404 30 29 -1 -1 -1 -1
759 0 30 1059 523 34 35 -1 -1 -1 -1
760 0 21 1034 405 28 28 -1 -1 -1 -1
761 0 30 1060 603 42 36 -1 -1 -1 -1
762 0 30 1064 595 38 37 -1 -1 -1 -1
763 0 30 1067 572 38 36 -1 -1 -1 -1
764 0 21 1020 403 33 30 -1 -1 -1 -1
764 0 30 1069 551 34 35 -1 -1 -1 -1
765 0 21 1016 402 39 34 -1 -1 -1 -1
765 0 30 1069 533 36 34 -1 -1 -1 -1
766 0 21 1014 402 40 34 -1 -1 -1 -1
767 0 30 1076 492 34 42 -1 -1 -1 -1
768 0 30 1075 481 40 42 -1 -1 -1 -1
769 0 30 1076 473 41 41 -1 -1 -1 -1
770 0 30 1076 468 42 39 -1 -1 -1 -1
771 0 30 1076 462 44 39 -1 -1 -1 -1
772 0 30 1079 460 41 36 -1 -1 -1 -1
773 0 30 1080 458 41 36 -1 -1 -1 -1
774 0 30 1080 458 42 35 -1 -1 -1 -1
775 0 30 1080 457 45 36 -1 -1 -1 -1
776 0 30 1081 458 44 35 -1 -1 -1 -1
777 0 30 1084 460 41 35 -1 -1 -1 -1
778 0 30 1085 461 42 36 -1 -1 -1 -1
779 0 30 1086 465 42 36 -1 -1 -1 -1
780 0 30 1088 467 42 36 -1 -1 -1 -1
781 0 30 1088 470 40 35 -1 -1 -1 -1
782 0 30 1084 472 43 37 -1 -1 -1 -1
783 0 30 1081 474 45 39 -1 -1 -1 -1
784 0 30 1079 476 44 40 -1 -1 -1 -1
785 0 30 1076 481 46 42 -1 -1 -1 -1
786 0 30 1071 485 46 44 -1 -1 -1 -1
787 0 30 1059 490 53 45 -1 -1 -1 -1
787 0 37 92 649 19 26 -1 -1 -1 -1
788 0 30 1053 495 48 45 -1 -1 -1 -1
789 0 30 1039 503 52 45 -1 -1 -1 -1
790 0 30 1027 518 49 40 -1 -1 -1 -1
791 0 30 1016 533 46 42 -1 -1 -1 -1
792 0 30 1005 550 47 43 -1 -1 -1 -1
793 0 30 994 572 43 44 -1 -1 -1 -1
794 0 30 985 606 48 46 -1 -1 -1 -1
795 0 30 982 647 44 46 -1 -1 -1 -1
796 0 30 980 639 45 46 -1 -1 -1 -1
797 0 30 980 609 42 46 -1 -1 -1 -1
798 0 3 975 594 43 41 -1 -1 -1 -1
799 0 3 985 589 41 39 -1 -1 -1 -1
800 0 3 956 559 48 51 -1 -1 -1 -1
801 0 3 961 543 53 57 -1 -1 -1 -1
802 0 30 929 530 45 53 -1 -1 -1 -1
803 0 30 910 522 46 53 -1 -1 -1 -1
804 0 30 887 518 50 50 -1 -1 -1 -1
805 0 30 866 515 48 49 -1 -1 -1 -1
806 0 30 846 514 53 51 -1 -1 -1 -1
807 0 30 823 515 58 51 -1 -1 -1 -1
808 0 30 801 526 47 42 -1 -1 -1 -1
809 0 30 778 534 45 41 -1 -1 -1 -1
810 0 30 754 539 54 40 -1 -1 -1 -1
811 0 30 735 541 44 41 -1 -1 -1 -1
812 0 30 714 535 44 41 -1 -1 -1 -1
813 0 30 701 513 45 42 -1 -1 -1 -1
814 0 30 696 483 43 43 -1 -1 -1 -1
815 0 30 706 449 46 49 -1 -1 -1 -1
816 0 30 719 429 44 43 -1 -1 -1 -1
817 0 30 736 415 42 42 -1 -1 -1 -1
818 0 30 747 407 47 41 -1 -1 -1 -1
819 0 30 759 402 46 44 -1 -1 -1 -1
820 0 30 772 400 42 43 -1 -1 -1 -1
821 0 30 775 402 46 42 -1 -1 -1 -1
822 0 21 662 440 28 41 -1 -1 -1 -1
822 0 30 784 406 45 42 -1 -1 -1 -1
823 0 21 655 441 27 40 -1 -1 -1 -1
824 0 30 789 424 46 41 -1 -1 -1 -1
825 0 21 653 433 27 40 -1 -1 -1 -1
825 0 30 788 436 50 43 -1 -1 -1 -1
826 0 21 650 433 28 41 -1 -1 -1 -1
826 0 30 794 451 47 44 -1 -1 -1 -1
827 0 21 650 437 26 40 -1 -1 -1 -1
827 0 30 798 472 39 43 -1 -1 -1 -1
828 0 21 646 437 27 41 -1 -1 -1 -1
829 0 30 784 516 43 37 -1 -1 -1 -1
831 0 21 641 441 33 38 -1 -1 -1 -1
837 0 21 777 450 30 34 -1 -1 -1 -1
838 0 21 789 452 29 32 -1 -1 -1 -1
839 0 30 770 424 44 38 -1 -1 -1 -1
840 0 37 784 385 46 39 -1 -1 -1 -1
841 0 37 789 364 47 39 -1 -1 -1 -1
842 0 37 791 348 48 42 -1 -1 -1 -1
843 0 37 799 331 42 43 -1 -1 -1 -1
844 0 37 798 315 44 44 -1 -1 -1 -1
845 0 37 796 301 45 42 -1 -1 -1 -1
846 0 37 790 287 49 44 -1 -1 -1 -1
847 0 37 786 268 42 41 -1 -1 -1 -1
848 0 37 775 246 40 40 -1 -1 -1 -1
849 0 3 756 221 39 42 -1 -1 -1 -1
850 0 3 739 202 40 40 -1 -1 -1 -1
851 0 3 722 185 39 38 -1 -1 -1 -1
852 0 3 703 168 41 38 -1 -1 -1 -1
853 0 3 687 154 39 38 -1 -1 -1 -1
854 0 3 672 140 38 38 -1 -1 -1 -1
855 0 3 657 131 35 36 -1 -1 -1 -1
856 0 3 643 122 35 36 -1 -1 -1 -1
857 0 3 627 114 34 36 -1 -1 -1 -1
857 0 21 844 395 44 34 -1 -1 -1 -1
858 0 3 613 111 34 35 -1 -1 -1 -1
859 0 3 599 107 35 34 -1 -1 -1 -1
860 0 3 587 106 35 36 -1 -1 -1 -1
861 0 3 574 105 35 35 -1 -1 -1 -1
862 0 3 562 107 33 34 -1 -1 -1 -1
863 0 3 550 108 31 37 -1 -1 -1 -1
864 0 3 537 112 35 36 -1 -1 -1 -1
865 0 3 527 116 31 34 -1 -1 -1 -1
866 0 3 517 123 31 32 -1 -1 -1 -1
867 0 3 505 130 32 31 -1 -1 -1 -1
868 0 3 498 139 29 31 -1 -1 -1 -1
869 0 3 484 147 29 33 -1 -1 -1 -1
870 0 3 475 158 29 33 -1 -1 -1 -1
871 0 3 466 169 29 32 -1 -1 -1 -1
872 0 3 457 180 28 30 -1 -1 -1 -1
873 0 3 446 184 27 29 -1 -1 -1 -1
874 0 21 965 418 42 46 -1 -1 -1 -1
874 0 30 438 190 24 26 -1 -1 -1 -1
875 0 21 972 417 40 44 -1 -1 -1 -1
875 0 37 432 224 26 31 -1 -1 -1 -1
876 0 21 982 408 41 44 -1 -1 -1 -1
879 0 37 436 271 34 38 -1 -1 -1 -1
880 0 37 442 290 34 32 -1 -1 -1 -1
881 0 37 448 303 31 30 -1 -1 -1 -1
882 0 37 453 316 29 32 -1 -1 -1 -1
883 0 37 461 330 25 30 -1 -1 -1 -1
887 0 21 1087 419 40 43 -1 -1 -1 -1
888 0 21 1093 414 48 43 -1 -1 -1 -1
889 0 21 1104 401 43 48 -1 -1 -1 -1
890 0 21 1110 400 48 49 -1 -1 -1 -1
891 0 21 1118 396 53 50 -1 -1 -1 -1
895 0 37 526 511 21 28 -1 -1 -1 -1
896 0 30 531 496 20 21 -1 -1 -1 -1
897 0 30 535 479 23 22 -1 -1 -1 -1
898 0 30 538 492 24 22 -1 -1 -1 -1
924 0 37 599 451 41 32 -1 -1 -1 -1
925 0 30 603 453 27 33 -1 -1 -1 -1
926 0 30 605 450 30 33 -1 -1 -1 -1
927 0 30 608 451 33 32 -1 -1 -1 -1
928 0 30 611 453 34 31 -1 -1 -1 -1
929 0 30 615 456 35 31 -1 -1 -1 -1
930 0 30 616 460 35 30 -1 -1 -1 -1
931 0 30 618 459 36 35 -1 -1 -1 -1
937 0 30 691 476 26 32 -1 -1 -1 -1
938 0 30 699 484 26 32 -1 -1 -1 -1
939 0 30 708 494 30 28 -1 -1 -1 -1
940 0 30 717 499 29 30 -1 -1 -1 -1
941 0 30 726 509 30 29 -1 -1 -1 -1
942 0 30 739 518 29 30 -1 -1 -1 -1
943 0 30 748 530 30 31 -1 -1 -1 -1
944 0 30 757 542 33 32 -1 -1 -1 -1
945 0 30 768 558 32 31 -1 -1 -1 -1
946 0 30 777 572 35 36 -1 -1 -1 -1
947 0 30 787 572 36 34 -1 -1 -1 -1
948 0 30 793 563 38 34 -1 -1 -1 -1
949 0 30 804 554 35 32 -1 -1 -1 -1
950 0 30 813 547 34 32 -1 -1 -1 -1
951 0 30 822 540 35 33 -1 -1 -1 -1
952 0 30 833 534 33 33 -1 -1 -1 -1
953 0 30 837 531 39 35 -1 -1 -1 -1
954 0 30 849 529 35 34 -1 -1 -1 -1
955 0 30 856 528 39 34 -1 -1 -1 -1
956 0 30 868 529 33 34 -1 -1 -1 -1
957 0 30 875 530 39 34 -1 -1 -1 -1
958 0 30 886 533 38 34 -1 -1 -1 -1
959 0 30 897 537 36 35 -1 -1 -1 -1
960 0 30 905 543 39 36 -1 -1 -1 -1
961 0 30 915 551 38 36 -1 -1 -1 -1
962 0 30 925 560 40 35 -1 -1 -1 -1
963 0 30 936 571 39 36 -1 -1 -1 -1
964 0 30 945 582 41 38 -1 -1 -1 -1
965 0 30 958 595 38 37 -1 -1 -1 -1
966 0 30 966 612 41 39 -1 -1 -1 -1
967 0 30 976 607 42 41 -1 -1 -1 -1
968 0 30 987 598 43 41 -1 -1 -1 -1
969 0 21 788 402 22 29 -1 -1 -1 -1
969 0 30 1000 593 41 39 -1 -1 -1 -1
970 0 21 792 402 20 28 -1 -1 -1 -1
970 0 30 1012 588 41 37 -1 -1 -1 -1
971 0 21 797 403 20 26 -1 -1 -1 -1
971 0 30 1025 582 40 38 -1 -1 -1 -1
972 0 21 801 403 19 27 -1 -1 -1 -1
972 0 30 1035 580 43 39 -1 -1 -1 -1
973 0 21 804 404 21 27 -1 -1 -1 -1
973 0 30 1046 579 45 39 -1 -1 -1 -1
974 0 21 806 399 27 29 -1 -1 -1 -1
974 0 30 1060 580 44 38 -1 -1 -1 -1
975 0 21 811 399 23 29 -1 -1 -1 -1
975 0 30 1072 580 43 40 -1 -1 -1 -1
976 0 21 815 401 22 29 -1 -1 -1 -1
976 0 30 1085 585 43 39 -1 -1 -1 -1
977 0 21 819 400 23 28 -1 -1 -1 -1
977 0 30 1094 590 48 40 -1 -1 -1 -1
978 0 21 821 399 25 29 -1 -1 -1 -1
979 0 21 823 399 29 30 -1 -1 -1 -1
979 0 30 1121 605 48 41 -1 -1 -1 -1
980 0 21 830 401 24 29 -1 -1 -1 -1
980 0 30 1136 617 46 40 -1 -1 -1 -1
981 0 21 833 402 26 30 -1 -1 -1 -1
981 0 30 1148 629 49 40 -1 -1 -1 -1
982 0 21 838 400 27 32 -1 -1 -1 -1
982 0 30 1164 643 47 42 -1 -1 -1 -1
983 0 21 841 399 31 33 -1 -1 -1 -1
983 0 30 1177 655 47 43 -1 -1 -1 -1
984 0 21 847 401 29 34 -1 -1 -1 -1
984 0 30 1189 645 49 42 -1 -1 -1 -1
985 0 21 851 399 31 36 -1 -1 -1 -1
985 0 30 1203 636 49 46 -1 -1 -1 -1
986 0 21 853 399 32 36 -1 -1 -1 -1
986 0 30 1216 628 47 47 -1 -1 -1 -1
987 0 21 859 402 28 31 -1 -1 -1 -1
987 0 30 1217 626 49 42 -1 -1 -1 -1
988 0 21 861 403 29 31 -1 -1 -1 -1
988 0 30 1219 621 48 43 -1 -1 -1 -1
989 0 21 864 401 29 32 -1 -1 -1 -1
989 0 30 1216 615 49 45 -1 -1 -1 -1
990 0 21 867 400 34 34 -1 -1 -1 -1
990 0 30 1217 603 45 49 -1 -1 -1 -1
991 0 21 869 400 34 33 -1 -1 -1 -1
991 0 30 1212 596 52 50 -1 -1 -1 -1
992 0 21 871 402 32 30 -1 -1 -1 -1
994 0 30 1187 565 55 45 -1 -1 -1 -1
995 0 21 880 402 32 35 -1 -1 -1 -1
995 0 30 1175 552 49 42 -1 -1 -1 -1
996 0 21 883 401 31 36 -1 -1 -1 -1
996 0 30 1162 534 43 40 -1 -1 -1 -1
997 0 21 884 401 32 35 -1 -1 -1 -1
997 0 30 1150 516 42 38 -1 -1 -1 -1
998 0 21 885 402 33 34 -1 -1 -1 -1
998 0 30 1136 500 43 38 -1 -1 -1 -1
999 0 21 888 402 33 34 -1 -1 -1 -1
1000 0 30 1108 475 43 36 -1 -1 -1 -1
1001 0 30 1094 464 44 34 -1 -1 -1 -1
1001 1 37 1196 536 53 40 -1 -1 -1 -1
1002 0 30 1083 453 42 36 -1 -1 -1 -1
1003 0 30 1071 446 40 37 -1 -1 -1 -1
1004 0 30 1058 440 41 36 -1 -1 -1 -1
1005 0 30 1044 435 44 37 -1 -1 -1 -1
1006 0 30 1031 432 43 36 -1 -1 -1 -1
1007 0 30 1022 431 40 35 -1 -1 -1 -1
1008 0 30 1012 431 35 36 -1 -1 -1 -1
1009 0 30 998 433 41 36 -1 -1 -1 -1
1010 0 30 990 436 37 35 -1 -1 -1 -1
1011 0 30 970 441 46 35 -1 -1 -1 -1
1012 0 30 968 445 42 36 -1 -1 -1 -1
1013 0 30 979 455 38 36 -1 -1 -1 -1
1014 0 30 989 468 42 37 -1 -1 -1 -1
1015 0 30 1008 489 41 36 -1 -1 -1 -1
1016 0 30 1025 511 41 37 -1 -1 -1 -1
1017 0 30 1044 536 42 37 -1 -1 -1 -1
1018 0 30 1063 561 44 38 -1 -1 -1 -1
1019 0 30 1081 588 44 39 -1 -1 -1 -1
1020 0 30 1102 619 43 39 -1 -1 -1 -1
1021 0 30 1119 624 40 38 -1 -1 -1 -1
1022 0 30 1126 603 47 40 -1 -1 -1 -1
1023 0 30 1138 584 45 40 -1 -1 -1 -1
1024 0 30 1149 565 45 39 -1 -1 -1 -1
1025 0 30 1159 550 46 39 -1 -1 -1 -1
1026 0 30 1169 534 51 39 -1 -1 -1 -1
1027 0 30 1180 520 48 39 -1 -1 -1 -1
1028 0 30 1184 510 50 40 -1 -1 -1 -1
1029 0 30 1190 496 55 43 -1 -1 -1 -1
1030 0 30 1193 485 55 43 -1 -1 -1 -1
1031 0 30 1189 475 56 42 -1 -1 -1 -1
1032 0 30 1186 463 65 39 -1 -1 -1 -1
1034 0 30 1195 431 48 40 -1 -1 -1 -1
1035 0 30 1200 415 50 41 -1 -1 -1 -1
1036 0 30 1214 402 44 41 -1 -1 -1 -1
1037 0 30 1231 391 41 42 -1 -1 -1 -1
1039 0 30 1241 373 37 46 -1 -1 -1 -1
1040 0 30 1239 363 39 43 -1 -1 -1 -1
1041 0 30 1233 349 44 45 -1 -1 -1 -1
1042 0 30 1220 336 49 43 -1 -1 -1 -1
1043 0 30 1206 325 50 44 -1 -1 -1 -1
1044 0 30 1197 312 40 39 -1 -1 -1 -1
1045 0 30 1181 303 41 33 -1 -1 -1 -1
1046 0 30 1172 297 37 34 -1 -1 -1 -1
1047 0 30 1168 286 38 34 -1 -1 -1 -1
1048 0 37 1152 288 39 45 -1 -1 -1 -1
1049 0 37 1138 286 41 44 -1 -1 -1 -1
1050 0 37 1132 285 31 36 -1 -1 -1 -1
1051 0 37 1123 285 30 34 -1 -1 -1 -1
1052 0 3 1199 471 34 36 -1 -1 -1 -1
1052 0 37 1113 290 31 32 -1 -1 -1 -1
1053 0 3 1221 470 36 38 -1 -1 -1 -1
1054 0 21 1025 391 26 30 -1 -1 -1 -1
1055 0 21 1027 388 28 31 -1 -1 -1 -1
1056 0 21 1029 387 27 29 -1 -1 -1 -1
1057 0 21 1029 386 25 30 -1 -1 -1 -1
1058 0 21 1028 385 25 31 -1 -1 -1 -1
1059 0 21 1026 385 27 32 -1 -1 -1 -1
1059 0 37 1060 334 27 29 -1 -1 -1 -1
1060 0 21 1027 385 27 31 -1 -1 -1 -1
1061 0 37 1048 354 23 24 -1 -1 -1 -1
1064 0 37 1043 375 21 26 -1 -1 -1 -1
1065 0 37 1042 384 27 26 -1 -1 -1 -1
1066 0 30 1043 388 26 30 -1 -1 -1 -1
1067 0 30 1040 401 31 29 -1 -1 -1 -1
1068 0 21 1218 409 42 39 -1 -1 -1 -1
1068 0 30 1042 411 29 31 -1 -1 -1 -1
1069 0 21 1217 409 43 40 -1 -1 -1 -1
1069 0 30 1036 421 32 30 -1 -1 -1 -1
1070 0 21 1218 410 43 42 -1 -1 -1 -1
1070 0 30 1032 431 32 28 -1 -1 -1 -1
1071 0 21 1219 411 45 43 -1 -1 -1 -1
1071 0 30 1031 442 28 26 -1 -1 -1 -1
1072 0 21 1219 411 48 45 -1 -1 -1 -1
1073 0 21 1215 412 54 45 -1 -1 -1 -1
1074 0 21 1217 413 51 44 -1 -1 -1 -1
1075 0 21 1218 414 51 44 -1 -1 -1 -1
1075 0 37 1002 485 22 25 -1 -1 -1 -1
1076 0 21 1221 415 48 43 -1 -1 -1 -1
1077 0 21 1222 414 47 44 -1 -1 -1 -1
1078 0 21 1220 413 48 44 -1 -1 -1 -1
1079 0 21 1220 413 47 43 -1 -1 -1 -1
1080 0 21 1225 414 47 43 -1 -1 -1 -1
1082 0 41 1202 457 72 104 -1 -1 -1 -1
1083 0 21 1220 410 43 42 -1 -1 -1 -1
1084 0 21 1217 412 41 41 -1 -1 -1 -1
1086 0 21 1211 412 42 44 -1 -1 -1 -1
1090 0 21 1188 414 56 46 -1 -1 -1 -1
1091 0 21 1183 417 55 44 -1 -1 -1 -1
1093 0 21 1172 417 54 46 -1 -1 -1 -1
1094 0 21 1167 417 52 47 -1 -1 -1 -1
1096 0 21 1155 419 53 47 -1 -1 -1 -1
1097 0 21 1150 419 52 48 -1 -1 -1 -1
1098 0 21 1145 419 54 49 -1 -1 -1 -1
1099 0 21 1133 415 58 50 -1 -1 -1 -1
1100 0 21 1130 413 54 49 -1 -1 -1 -1
1100 0 30 989 457 24 28 -1 -1 -1 -1
1101 0 3 961 401 21 25 -1 -1 -1 -1
1101 0 21 1124 415 54 49 -1 -1 -1 -1
1101 0 30 1000 452 21 24 -1 -1 -1 -1
1102 0 3 963 400 21 23 -1 -1 -1 -1
1102 0 21 1121 415 53 50 -1 -1 -1 -1
1102 0 30 1006 444 22 27 -1 -1 -1 -1
1103 0 3 969 398 17 23 -1 -1 -1 -1
1103 0 21 1116 414 51 52 -1 -1 -1 -1
1103 0 30 1009 438 24 27 -1 -1 -1 -1
1104 0 3 967 396 18 24 -1 -1 -1 -1
1105 0 30 1020 443 27 31 -1 -1 -1 -1
1106 0 30 1023 450 31 31 -1 -1 -1 -1
1107 0 21 1089 425 52 48 -1 -1 -1 -1
1107 0 30 1026 459 31 31 -1 -1 -1 -1
1108 0 3 979 401 23 23 -1 -1 -1 -1
1108 0 21 1086 426 46 46 -1 -1 -1 -1
1108 0 30 1028 468 27 29 -1 -1 -1 -1
1108 0 37 1074 553 45 32 -1 -1 -1 -1
1109 0 3 980 400 24 24 -1 -1 -1 -1
1109 0 21 1079 427 46 46 -1 -1 -1 -1
1113 0 21 1063 591 31 41 -1 -1 -1 -1
1114 0 21 1068 594 28 39 -1 -1 -1 -1
1115 0 21 1065 610 25 38 -1 -1 -1 -1
1116 0 30 979 500 32 31 -1 -1 -1 -1
1117 0 30 974 491 26 29 -1 -1 -1 -1
1118 0 30 969 483 27 29 -1 -1 -1 -1
1123 0 30 963 477 31 29 -1 -1 -1 -1
1124 0 30 959 479 29 29 -1 -1 -1 -1
1125 0 30 949 483 30 30 -1 -1 -1 -1
1128 0 30 919 493 30 30 -1 -1 -1 -1
1130 0 21 944 423 42 47 -1 -1 -1 -1
1130 0 30 903 516 32 30 -1 -1 -1 -1
1131 0 21 936 415 44 48 -1 -1 -1 -1
1132 0 30 896 569 28 29 -1 -1 -1 -1
1133 0 30 897 557 21 29 -1 -1 -1 -1
1137 0 21 840 411 22 28 -1 -1 -1 -1
1141 0 30 852 475 34 37 -1 -1 -1 -1
1142 0 30 836 465 37 38 -1 -1 -1 -1
1143 0 30 818 459 34 34 -1 -1 -1 -1
1145 0 30 773 428 38 32 -1 -1 -1 -1
1146 0 30 762 420 38 32 -1 -1 -1 -1
1148 0 30 705 394 32 31 -1 -1 -1 -1
1149 0 30 691 387 29 34 -1 -1 -1 -1
1152 0 21 835 423 46 45 -1 -1 -1 -1
1154 0 21 826 423 47 45 -1 -1 -1 -1
1155 0 21 822 423 46 45 -1 -1 -1 -1
1156 0 21 820 423 45 46 -1 -1 -1 -1
1166 0 37 441 333 30 34 -1 -1 -1 -1
1167 0 37 430 323 27 27 -1 -1 -1 -1
1168 0 37 416 310 31 25 -1 -1 -1 -1
1169 0 3 410 296 29 28 -1 -1 -1 -1
1170 0 3 397 293 30 29 -1 -1 -1 -1
1171 0 37 405 270 26 29 -1 -1 -1 -1
1176 0 37 398 223 26 36 -1 -1 -1 -1
1177 0 37 398 220 25 34 -1 -1 -1 -1
1178 0 37 396 215 26 34 -1 -1 -1 -1
1179 0 37 396 212 27 34 -1 -1 -1 -1
1180 0 37 403 211 27 31 -1 -1 -1 -1
1181 0 30 408 210 24 29 -1 -1 -1 -1
1182 0 30 400 205 23 28 -1 -1 -1 -1
1183 0 37 420 211 28 31 -1 -1 -1 -1
1184 0 37 426 213 28 31 -1 -1 -1 -1
1185 0 37 432 218 25 30 -1 -1 -1 -1
1186 1 30 430 224 42 38 -1 -1 -1 -1
1186 0 37 434 225 29 29 -1 -1 -1 -1
1196 0 37 421 277 26 28 -1 -1 -1 -1
1197 0 37 415 281 30 29 -1 -1 -1 -1
1198 0 37 414 289 29 29 -1 -1 -1 -1
1199 0 37 412 295 31 32 -1 -1 -1 -1
1200 0 37 411 305 29 30 -1 -1 -1 -1
1201 0 37 408 316 30 30 -1 -1 -1 -1
1202 0 37 405 328 30 33 -1 -1 -1 -1
1203 0 37 406 339 27 34 -1 -1 -1 -1
1204 0 37 406 357 24 28 -1 -1 -1 -1
1211 0 30 394 435 27 27 -1 -1 -1 -1
1212 0 30 395 437 25 26 -1 -1 -1 -1
1213 0 30 395 439 23 24 -1 -1 -1 -1
1214 0 30 394 438 25 25 -1 -1 -1 -1
1225 0 21 860 480 28 42 -1 -1 -1 -1
1234 0 30 360 536 19 25 -1 -1 -1 -1
1235 0 30 358 540 20 26 -1 -1 -1 -1
1236 0 30 357 510 23 27 -1 -1 -1 -1
1237 0 3 933 512 51 32 -1 -1 -1 -1
1238 0 3 940 517 42 27 -1 -1 -1 -1
1240 0 30 348 454 29 30 -1 -1 -1 -1
1241 0 30 346 448 30 31 -1 -1 -1 -1
1250 0 37 296 385 25 30 -1 -1 -1 -1
1252 0 30 309 359 35 44 -1 -1 -1 -1
1253 0 30 322 344 32 43 -1 -1 -1 -1
1254 0 30 321 335 32 44 -1 -1 -1 -1
1255 0 37 347 323 36 38 -1 -1 -1 -1
1256 0 37 361 314 33 32 -1 -1 -1 -1
1257 0 37 379 304 29 32 -1 -1 -1 -1
1258 0 37 390 297 31 31 -1 -1 -1 -1
1259 0 37 402 289 38 33 -1 -1 -1 -1
1260 0 37 418 285 35 30 -1 -1 -1 -1
1261 0 37 433 279 37 34 -1 -1 -1 -1
1262 0 37 448 274 37 38 -1 -1 -1 -1
1263 0 37 464 273 38 38 -1 -1 -1 -1
1264 0 37 480 273 37 38 -1 -1 -1 -1
1265 0 37 496 274 38 36 -1 -1 -1 -1
1266 0 37 514 276 37 36 -1 -1 -1 -1
1267 0 37 531 281 37 37 -1 -1 -1 -1
1268 0 37 548 286 38 40 -1 -1 -1 -1
1269 0 37 565 295 41 38 -1 -1 -1 -1
1270 0 30 585 302 42 49 -1 -1 -1 -1
1271 0 21 1153 439 46 53 -1 -1 -1 -1
1271 0 30 600 300 43 48 -1 -1 -1 -1
1272 0 21 1160 437 47 55 -1 -1 -1 -1
1273 0 37 645 340 40 43 -1 -1 -1 -1
1274 0 37 667 356 37 41 -1 -1 -1 -1
1275 0 37 691 378 33 41 -1 -1 -1 -1
1276 0 21 1171 437 50 62 -1 -1 -1 -1
1276 0 37 710 397 41 42 -1 -1 -1 -1
1277 0 21 1173 439 51 58 -1 -1 -1 -1
1277 0 37 730 422 45 41 -1 -1 -1 -1
1278 0 21 1178 438 52 60 -1 -1 -1 -1
1279 0 30 779 478 45 44 -1 -1 -1 -1
1280 0 30 802 509 50 45 -1 -1 -1 -1
1281 0 30 830 543 48 46 -1 -1 -1 -1
1282 0 30 855 581 51 47 -1 -1 -1 -1
1283 0 3 693 433 53 35 -1 -1 -1 -1
1283 0 30 882 622 54 48 -1 -1 -1 -1
1284 0 3 682 429 54 36 -1 -1 -1 -1
1285 0 21 695 433 54 34 -1 -1 -1 -1
1286 0 21 699 434 48 33 -1 -1 -1 -1
1287 0 21 674 434 46 30 -1 -1 -1 -1
1288 0 30 999 699 54 20 -1 -1 -1 -1
1289 0 37 1009 631 58 53 -1 -1 -1 -1
1290 0 37 1026 606 60 55 -1 -1 -1 -1
1291 0 37 1044 583 63 56 -1 -1 -1 -1
1292 0 37 1065 564 61 56 -1 -1 -1 -1
1293 0 37 1081 545 67 54 -1 -1 -1 -1
1294 0 3 706 425 46 31 -1 -1 -1 -1
1294 0 37 1101 530 69 53 -1 -1 -1 -1
1295 0 3 709 424 43 30 -1 -1 -1 -1
1295 0 37 1124 513 67 59 -1 -1 -1 -1
1296 0 3 709 422 43 31 -1 -1 -1 -1
1297 0 37 1135 489 68 56 -1 -1 -1 -1
1298 0 37 1132 479 71 54 -1 -1 -1 -1
1299 0 37 1130 471 65 53 -1 -1 -1 -1
1300 0 37 1126 464 67 55 -1 -1 -1 -1
1301 0 37 1124 460 69 55 -1 -1 -1 -1
1302 0 37 1122 460 67 54 -1 -1 -1 -1
1303 0 3 721 422 35 35 -1 -1 -1 -1
1303 0 37 1119 460 67 56 -1 -1 -1 -1
1304 0 3 722 423 36 36 -1 -1 -1 -1
1304 0 37 1116 464 69 56 -1 -1 -1 -1
1305 0 3 723 423 38 37 -1 -1 -1 -1
1305 0 37 1114 470 67 56 -1 -1 -1 -1
1306 0 3 725 424 38 37 -1 -1 -1 -1
1306 0 37 1113 478 64 54 -1 -1 -1 -1
1307 0 3 727 424 36 37 -1 -1 -1 -1
1308 0 37 1111 502 60 56 -1 -1 -1 -1
1309 0 3 734 424 41 38 -1 -1 -1 -1
1309 0 37 1105 517 68 54 -1 -1 -1 -1
1310 0 3 737 423 38 36 -1 -1 -1 -1
1310 0 37 1111 528 78 53 -1 -1 -1 -1
1311 0 3 741 421 35 37 -1 -1 -1 -1
1311 0 37 1119 534 71 52 -1 -1 -1 -1
1312 0 3 745 419 35 41 -1 -1 -1 -1
1312 0 37 1126 535 69 53 -1 -1 -1 -1
1313 0 3 748 418 35 41 -1 -1 -1 -1
1313 0 37 1131 535 66 54 -1 -1 -1 -1
1314 0 3 750 417 35 42 -1 -1 -1 -1
1315 0 3 753 417 37 40 -1 -1 -1 -1
1315 0 37 1152 533 62 53 -1 -1 -1 -1
1316 0 3 755 419 37 37 -1 -1 -1 -1
1316 0 37 1164 531 58 52 -1 -1 -1 -1
1317 0 3 757 421 38 36 -1 -1 -1 -1
1317 0 21 1256 440 23 59 -1 -1 -1 -1
1317 0 37 1170 526 60 55 -1 -1 -1 -1
1318 0 3 761 422 38 35 -1 -1 -1 -1
1318 0 21 1257 440 22 61 -1 -1 -1 -1
1318 0 37 1175 521 63 61 -1 -1 -1 -1
1319 0 3 763 418 41 39 -1 -1 -1 -1
1319 0 21 1277 441 2 61 -1 -1 -1 -1
1320 0 3 764 417 40 41 -1 -1 -1 -1
1320 0 37 1169 515 69 55 -1 -1 -1 -1
1321 0 3 767 417 41 41 -1 -1 -1 -1
1321 0 37 1159 516 68 53 -1 -1 -1 -1
1322 0 3 768 418 40 39 -1 -1 -1 -1
1322 0 37 1143 521 63 52 -1 -1 -1 -1
1323 0 3 770 419 40 38 -1 -1 -1 -1
1323 0 37 1111 533 63 51 -1 -1 -1 -1
1324 0 3 772 419 40 38 -1 -1 -1 -1
1324 0 37 1084 548 60 50 -1 -1 -1 -1
1325 0 3 776 419 39 37 -1 -1 -1 -1
1325 0 37 1056 564 60 50 -1 -1 -1 -1
1326 0 3 780 417 35 39 -1 -1 -1 -1
1326 0 37 1030 583 58 48 -1 -1 -1 -1
1327 0 3 782 416 35 40 -1 -1 -1 -1
1328 0 3 785 416 35 41 -1 -1 -1 -1
1328 0 37 981 619 55 51 -1 -1 -1 -1
1329 0 3 786 418 38 38 -1 -1 -1 -1
1329 0 30 1214 534 57 41 -1 -1 -1 -1
1329 0 37 957 642 57 49 -1 -1 -1 -1
1330 0 3 787 419 39 38 -1 -1 -1 -1
1330 0 30 1223 538 52 42 -1 -1 -1 -1
1330 0 37 935 665 55 48 -1 -1 -1 -1
1331 0 3 791 419 38 38 -1 -1 -1 -1
1331 0 30 1232 550 41 42 -1 -1 -1 -1
1331 0 37 916 684 51 35 -1 -1 -1 -1
1332 0 3 795 416 37 41 -1 -1 -1 -1
1332 0 30 1243 561 34 44 -1 -1 -1 -1
1332 0 37 907 678 46 41 -1 -1 -1 -1
1333 0 3 797 416 38 41 -1 -1 -1 -1
1334 0 3 800 413 41 44 -1 -1 -1 -1
1334 0 37 886 623 50 46 -1 -1 -1 -1
1335 0 3 802 412 42 45 -1 -1 -1 -1
1336 0 3 803 415 39 41 -1 -1 -1 -1
1336 0 37 868 583 46 42 -1 -1 -1 -1
1337 0 3 805 415 39 41 -1 -1 -1 -1
1338 0 37 848 550 48 41 -1 -1 -1 -1
1339 0 37 843 536 42 40 -1 -1 -1 -1
1340 0 37 833 524 45 41 -1 -1 -1 -1
1341 0 37 821 516 47 39 -1 -1 -1 -1
1342 0 30 820 505 43 47 -1 -1 -1 -1
1343 0 30 820 500 42 45 -1 -1 -1 -1
1344 0 30 823 498 40 42 -1 -1 -1 -1
1345 0 30 825 498 43 40 -1 -1 -1 -1
1346 0 30 830 495 44 40 -1 -1 -1 -1
1347 0 30 837 494 44 41 -1 -1 -1 -1
1348 0 30 842 495 44 40 -1 -1 -1 -1
1349 0 30 853 493 40 40 -1 -1 -1 -1
1350 0 30 853 491 44 38 -1 -1 -1 -1
1351 0 30 855 486 47 38 -1 -1 -1 -1
1352 0 30 860 480 44 39 -1 -1 -1 -1
1353 0 30 863 474 47 40 -1 -1 -1 -1
1354 0 30 868 470 44 39 -1 -1 -1 -1
1355 0 30 872 470 45 40 -1 -1 -1 -1
1356 0 30 879 470 48 41 -1 -1 -1 -1
1357 0 30 887 474 47 43 -1 -1 -1 -1
1358 0 3 1261 597 18 45 -1 -1 -1 -1
1358 0 30 898 479 48 43 -1 -1 -1 -1
1359 0 3 1260 589 19 46 -1 -1 -1 -1
1359 0 30 913 491 48 41 -1 -1 -1 -1
1360 0 3 1259 581 20 43 -1 -1 -1 -1
1360 0 30 917 492 48 40 -1 -1 -1 -1
1361 0 3 1277 587 2 43 -1 -1 -1 -1
1362 0 37 991 558 45 42 -1 -1 -1 -1
1363 0 37 1012 587 51 43 -1 -1 -1 -1
1364 0 37 1040 618 49 42 -1 -1 -1 -1
1365 0 37 1068 650 48 43 -1 -1 -1 -1
1366 0 30 1092 682 51 37 -1 -1 -1 -1
1367 0 3 1257 576 22 38 -1 -1 -1 -1
1367 0 30 1109 699 50 20 -1 -1 -1 -1
1368 0 3 1258 577 21 39 -1 -1 -1 -1
1368 0 37 1122 637 51 46 -1 -1 -1 -1
1369 0 3 1265 579 14 39 -1 -1 -1 -1
1370 0 37 1149 597 54 45 -1 -1 -1 -1
1371 0 37 1166 582 51 42 -1 -1 -1 -1
1372 0 37 1180 566 52 42 -1 -1 -1 -1
1373 0 37 1193 550 53 42 -1 -1 -1 -1
1374 0 37 1209 537 52 41 -1 -1 -1 -1
1375 0 30 1223 525 52 52 -1 -1 -1 -1
1376 0 30 1238 512 39 58 -1 -1 -1 -1
1377 0 30 1257 503 22 52 -1 -1 -1 -1
1384 0 3 879 414 48 38 -1 -1 -1 -1
1385 0 3 884 412 41 39 -1 -1 -1 -1
1386 0 3 886 412 43 38 -1 -1 -1 -1
1387 0 3 883 415 48 40 -1 -1 -1 -1
1387 0 37 1242 380 37 43 -1 -1 -1 -1
1388 0 3 873 410 50 41 -1 -1 -1 -1
1389 0 37 1190 363 45 39 -1 -1 -1 -1
1390 0 37 1172 359 41 38 -1 -1 -1 -1
1391 0 37 1150 353 41 37 -1 -1 -1 -1
1392 0 37 1131 351 38 36 -1 -1 -1 -1
1393 0 3 919 393 24 29 -1 -1 -1 -1
1393 0 37 1109 350 46 35 -1 -1 -1 -1
1394 0 3 923 394 21 29 -1 -1 -1 -1
1394 0 37 1096 350 36 32 -1 -1 -1 -1
1395 0 3 925 396 24 30 -1 -1 -1 -1
1395 0 37 1082 353 33 31 -1 -1 -1 -1
1396 0 3 926 394 22 28 -1 -1 -1 -1
1397 0 3 933 397 24 31 -1 -1 -1 -1
1397 0 37 1050 360 29 32 -1 -1 -1 -1
1398 0 3 937 393 23 29 -1 -1 -1 -1
1398 0 21 1254 415 25 41 -1 -1 -1 -1
1398 0 37 1036 367 29 32 -1 -1 -1 -1
1399 0 3 938 391 23 28 -1 -1 -1 -1
1400 0 30 1210 544 32 26 -1 -1 -1 -1
1401 0 37 999 390 25 26 -1 -1 -1 -1
1402 0 3 983 398 32 30 -1 -1 -1 -1
1403 0 3 988 397 33 31 -1 -1 -1 -1
1404 0 30 970 418 34 31 -1 -1 -1 -1
1405 0 21 1214 412 39 42 -1 -1 -1 -1
1405 0 30 972 428 35 30 -1 -1 -1 -1
1406 0 21 1209 411 39 42 -1 -1 -1 -1
1406 0 30 977 437 29 32 -1 -1 -1 -1
1407 0 21 1203 411 40 41 -1 -1 -1 -1
1408 0 30 974 454 35 33 -1 -1 -1 -1
1409 0 30 961 455 35 32 -1 -1 -1 -1
1410 0 37 981 477 25 30 -1 -1 -1 -1
1411 0 37 983 495 24 29 -1 -1 -1 -1
1412 0 37 988 517 27 30 -1 -1 -1 -1
1413 0 37 992 544 32 31 -1 -1 -1 -1
1414 0 37 1001 562 30 31 -1 -1 -1 -1
1415 0 30 1002 539 35 32 -1 -1 -1 -1
1416 0 30 1000 547 35 31 -1 -1 -1 -1
1417 0 37 1017 498 32 34 -1 -1 -1 -1
1418 0 37 1022 482 31 35 -1 -1 -1 -1
1419 0 37 1030 470 24 30 -1 -1 -1 -1
1420 0 37 1032 456 29 31 -1 -1 -1 -1
1421 0 3 967 410 28 31 -1 -1 -1 -1
1421 0 37 1035 444 31 32 -1 -1 -1 -1
1422 0 3 968 407 24 30 -1 -1 -1 -1
1422 0 37 1038 433 31 32 -1 -1 -1 -1
1423 0 3 969 404 22 30 -1 -1 -1 -1
1423 0 37 1040 426 31 32 -1 -1 -1 -1
1424 0 3 968 403 22 31 -1 -1 -1 -1
1425 0 3 967 403 27 32 -1 -1 -1 -1
1425 0 30 1043 420 34 34 -1 -1 -1 -1
1426 0 3 966 402 28 33 -1 -1 -1 -1
1426 0 21 793 404 21 29 -1 -1 -1 -1
1427 0 21 772 404 20 28 -1 -1 -1 -1
1428 0 3 793 403 20 28 -1 -1 -1 -1
1428 0 30 1046 429 37 30 -1 -1 -1 -1
1429 0 3 773 403 19 27 -1 -1 -1 -1
1430 0 30 1047 450 36 27 -1 -1 -1 -1
1431 0 30 1046 470 38 27 -1 -1 -1 -1
1432 0 30 1048 474 37 27 -1 -1 -1 -1
1433 0 37 1049 487 35 32 -1 -1 -1 -1
1434 0 37 1049 495 34 32 -1 -1 -1 -1
1435 0 30 1041 503 44 32 -1 -1 -1 -1
1436 0 30 1046 505 37 35 -1 -1 -1 -1
1437 0 30 1049 506 36 35 -1 -1 -1 -1
1438 0 30 1052 503 38 34 -1 -1 -1 -1
1439 0 30 1055 497 36 34 -1 -1 -1 -1
1440 0 30 1059 488 36 33 -1 -1 -1 -1
1441 0 30 1060 489 37 34 -1 -1 -1 -1
1442 0 3 987 427 31 37 -1 -1 -1 -1
1442 0 21 795 404 18 28 -1 -1 -1 -1
1442 0 37 1068 470 32 30 -1 -1 -1 -1
1443 0 3 984 424 34 38 -1 -1 -1 -1
1443 0 21 794 403 21 29 -1 -1 -1 -1
1443 0 30 1069 465 39 33 -1 -1 -1 -1
1444 0 3 982 422 36 41 -1 -1 -1 -1
1444 0 21 794 403 21 29 -1 -1 -1 -1
1444 0 30 1072 464 38 32 -1 -1 -1 -1
1445 0 3 991 423 38 42 -1 -1 -1 -1
1450 0 46 1083 444 69 81 -1 -1 -1 -1
1459 0 30 1022 499 23 29 -1 -1 -1 -1
1460 0 30 1020 501 21 28 -1 -1 -1 -1
1461 0 37 1005 507 38 33 -1 -1 -1 -1
1464 0 21 795 405 17 26 -1 -1 -1 -1
1464 0 30 1012 499 34 31 -1 -1 -1 -1
1465 0 21 792 406 20 26 -1 -1 -1 -1
1465 0 30 1009 499 36 33 -1 -1 -1 -1
1466 0 21 791 405 21 25 -1 -1 -1 -1
1466 0 30 1014 492 44 39 -1 -1 -1 -1
1469 0 37 1018 515 34 34 -1 -1 -1 -1
1470 0 37 1015 528 36 38 -1 -1 -1 -1
1471 0 37 1020 555 34 35 -1 -1 -1 -1
1472 0 37 1021 582 35 36 -1 -1 -1 -1
1473 0 37 1026 597 33 37 -1 -1 -1 -1
1474 0 37 1025 575 38 38 -1 -1 -1 -1
1475 0 37 1030 557 37 37 -1 -1 -1 -1
1476 0 37 1029 540 42 38 -1 -1 -1 -1
1477 0 37 1030 532 41 38 -1 -1 -1 -1
1478 0 37 1030 522 38 37 -1 -1 -1 -1
1479 0 37 1027 513 38 41 -1 -1 -1 -1
1480 0 37 1021 511 40 38 -1 -1 -1 -1
1481 0 37 1015 510 36 37 -1 -1 -1 -1
1482 0 37 1005 513 36 37 -1 -1 -1 -1
1483 0 37 995 519 34 37 -1 -1 -1 -1
1484 0 30 974 521 45 47 -1 -1 -1 -1
1485 0 30 954 518 51 56 -1 -1 -1 -1
1486 0 30 950 519 51 57 -1 -1 -1 -1
1487 0 37 922 523 42 40 -1 -1 -1 -1
1488 0 37 905 505 37 39 -1 -1 -1 -1
1489 0 37 896 480 34 38 -1 -1 -1 -1
1490 0 37 892 449 32 33 -1 -1 -1 -1
1493 0 37 948 387 30 33 -1 -1 -1 -1
1494 0 37 964 378 32 34 -1 -1 -1 -1
1495 0 3 816 403 48 64 -1 -1 -1 -1
1496 0 3 820 403 47 60 -1 -1 -1 -1
1496 0 37 976 351 36 32 -1 -1 -1 -1
1497 0 3 817 403 46 58 -1 -1 -1 -1
1498 0 30 979 320 39 41 -1 -1 -1 -1
1499 0 30 980 308 38 39 -1 -1 -1 -1
1500 0 37 960 278 37 38 -1 -1 -1 -1
1501 0 37 940 254 38 37 -1 -1 -1 -1
1502 0 37 918 230 37 36 -1 -1 -1 -1
1503 0 37 897 208 39 36 -1 -1 -1 -1
1504 0 37 877 186 37 36 -1 -1 -1 -1
1505 0 37 857 168 34 34 -1 -1 -1 -1
1506 0 3 894 400 38 38 -1 -1 -1 -1
1506 0 37 838 150 32 35 -1 -1 -1 -1
1507 0 3 901 400 36 35 -1 -1 -1 -1
1508 0 3 805 398 25 29 -1 -1 -1 -1
1508 0 37 797 121 38 36 -1 -1 -1 -1
1509 0 3 805 400 21 29 -1 -1 -1 -1
1509 0 37 779 108 37 37 -1 -1 -1 -1
1510 0 3 803 400 20 28 -1 -1 -1 -1
1510 0 37 760 100 38 35 -1 -1 -1 -1
1511 0 3 799 399 19 27 -1 -1 -1 -1
1512 0 37 725 83 37 35 -1 -1 -1 -1
1513 0 37 709 77 33 34 -1 -1 -1 -1
1514 0 37 694 73 29 34 -1 -1 -1 -1
1515 0 37 677 67 30 35 -1 -1 -1 -1
1516 0 37 660 67 31 34 -1 -1 -1 -1
1517 0 37 643 66 32 35 -1 -1 -1 -1
1518 0 37 629 67 30 36 -1 -1 -1 -1
1519 0 37 611 68 33 36 -1 -1 -1 -1
1520 0 37 596 75 31 33 -1 -1 -1 -1
1521 0 21 1016 421 35 34 -1 -1 -1 -1
1521 0 37 582 79 30 35 -1 -1 -1 -1
1522 0 21 1022 418 28 32 -1 -1 -1 -1
1522 0 37 565 83 34 33 -1 -1 -1 -1
1523 0 21 1028 417 26 33 -1 -1 -1 -1
1524 0 37 538 100 32 32 -1 -1 -1 -1
1525 0 21 1038 416 27 32 -1 -1 -1 -1
1525 0 37 526 109 28 32 -1 -1 -1 -1
1526 0 21 1044 416 25 31 -1 -1 -1 -1
1527 0 21 1046 414 40 36 -1 -1 -1 -1
1527 0 37 500 131 27 30 -1 -1 -1 -1
1528 0 21 1051 413 41 37 -1 -1 -1 -1
1530 0 37 459 171 28 29 -1 -1 -1 -1
1531 0 37 445 183 28 31 -1 -1 -1 -1
1532 0 21 1083 405 36 38 -1 -1 -1 -1
1532 0 30 435 202 26 38 -1 -1 -1 -1
1534 0 37 426 222 29 31 -1 -1 -1 -1
1535 0 37 441 214 26 30 -1 -1 -1 -1
1536 0 37 462 206 22 30 -1 -1 -1 -1
1537 0 21 1120 402 34 40 -1 -1 -1 -1
1537 0 37 475 201 28 30 -1 -1 -1 -1
1538 0 21 1126 401 35 41 -1 -1 -1 -1
1539 0 37 508 193 28 31 -1 -1 -1 -1
1540 0 37 523 188 29 32 -1 -1 -1 -1
1541 0 37 538 187 31 33 -1 -1 -1 -1
1542 0 37 547 187 30 32 -1 -1 -1 -1
1543 0 3 725 417 22 29 -1 -1 -1 -1
1543 0 37 563 187 30 33 -1 -1 -1 -1
1544 0 3 724 415 23 32 -1 -1 -1 -1
1544 0 37 581 189 27 34 -1 -1 -1 -1
1545 0 3 719 418 26 32 -1 -1 -1 -1
1545 0 21 1152 408 46 37 -1 -1 -1 -1
1545 0 37 595 192 30 33 -1 -1 -1 -1
1546 0 3 717 421 25 30 -1 -1 -1 -1
1546 0 21 1157 409 47 36 -1 -1 -1 -1
1547 0 3 717 423 25 29 -1 -1 -1 -1
1547 0 21 1165 405 28 32 -1 -1 -1 -1
1547 0 37 630 201 25 31 -1 -1 -1 -1
1548 0 3 717 424 25 29 -1 -1 -1 -1
1548 0 21 1170 405 27 31 -1 -1 -1 -1
1549 0 3 716 426 24 28 -1 -1 -1 -1
1550 0 37 678 221 29 32 -1 -1 -1 -1
1551 0 37 693 232 28 30 -1 -1 -1 -1
1552 0 37 709 243 28 29 -1 -1 -1 -1
1553 0 37 727 255 25 29 -1 -1 -1 -1
1554 0 37 741 269 26 30 -1 -1 -1 -1
1555 0 37 756 284 26 26 -1 -1 -1 -1
1556 0 37 773 299 26 29 -1 -1 -1 -1
1557 0 37 790 313 25 30 -1 -1 -1 -1
1558 0 37 798 314 25 30 -1 -1 -1 -1
1559 0 37 799 310 27 29 -1 -1 -1 -1
1560 0 37 796 305 25 28 -1 -1 -1 -1
1561 0 21 1192 396 42 38 -1 -1 -1 -1
1561 0 37 793 300 24 27 -1 -1 -1 -1
1562 0 21 1191 395 44 40 -1 -1 -1 -1
1562 0 37 787 293 29 28 -1 -1 -1 -1
1563 0 3 1217 523 21 34 -1 -1 -1 -1
1563 0 21 1194 394 40 42 -1 -1 -1 -1
1563 0 37 783 288 26 27 -1 -1 -1 -1
1564 0 3 1246 529 22 35 -1 -1 -1 -1
1564 0 21 1193 395 42 40 -1 -1 -1 -1
1565 0 21 1193 395 42 40 -1 -1 -1 -1
1565 0 37 774 281 25 28 -1 -1 -1 -1
1566 0 21 1191 393 44 40 -1 -1 -1 -1
1566 0 37 773 278 24 29 -1 -1 -1 -1
1567 0 21 1189 393 46 41 -1 -1 -1 -1
1567 0 37 767 278 24 27 -1 -1 -1 -1
1568 0 21 1190 393 46 40 -1 -1 -1 -1
1569 0 37 761 281 21 23 -1 -1 -1 -1
1570 0 37 756 285 23 24 -1 -1 -1 -1
1571 0 37 753 289 22 23 -1 -1 -1 -1
1572 0 21 1178 398 37 35 -1 -1 -1 -1
1573 0 21 1179 398 35 34 -1 -1 -1 -1
1576 0 37 737 325 21 24 -1 -1 -1 -1
1577 0 21 1164 400 34 35 -1 -1 -1 -1
1577 0 37 733 335 20 25 -1 -1 -1 -1
1578 0 21 1151 402 45 35 -1 -1 -1 -1
1578 0 37 728 343 23 24 -1 -1 -1 -1
1579 0 21 1148 403 46 34 -1 -1 -1 -1
1580 0 21 1146 398 39 35 -1 -1 -1 -1
1580 0 37 718 354 25 27 -1 -1 -1 -1
1581 0 21 1142 398 41 35 -1 -1 -1 -1
1582 0 37 720 346 19 23 -1 -1 -1 -1
1583 0 37 722 343 20 25 -1 -1 -1 -1
1584 0 37 723 341 20 28 -1 -1 -1 -1
1585 0 37 724 340 22 28 -1 -1 -1 -1
1586 0 37 727 342 20 23 -1 -1 -1 -1
1587 0 37 730 343 20 21 -1 -1 -1 -1
1588 0 21 1113 399 41 31 -1 -1 -1 -1
1588 0 37 734 346 17 20 -1 -1 -1 -1
1589 0 21 1110 400 40 29 -1 -1 -1 -1
1589 0 30 766 510 19 27 -1 -1 -1 -1
1590 0 3 734 350 21 27 -1 -1 -1 -1
1591 0 3 708 342 20 26 -1 -1 -1 -1
1595 0 37 739 382 26 35 -1 -1 -1 -1
1627 0 37 769 423 36 35 -1 -1 -1 -1
1628 0 3 762 424 47 38 -1 -1 -1 -1
1629 0 3 762 426 49 39 -1 -1 -1 -1
1629 0 30 798 432 22 24 -1 -1 -1 -1
1630 0 30 805 435 27 25 -1 -1 -1 -1
1631 0 30 821 437 20 24 -1 -1 -1 -1
1632 0 30 831 446 22 22 -1 -1 -1 -1
1634 0 30 849 473 21 21 -1 -1 -1 -1
1635 0 30 860 491 21 21 -1 -1 -1 -1
1636 0 30 866 497 22 22 -1 -1 -1 -1
1637 0 30 874 502 23 23 -1 -1 -1 -1
1638 0 30 872 488 28 24 -1 -1 -1 -1
1639 0 30 878 493 28 23 -1 -1 -1 -1
1641 0 30 889 458 27 21 -1 -1 -1 -1
1642 0 30 897 453 25 20 -1 -1 -1 -1
1644 0 30 920 437 24 22 -1 -1 -1 -1
1646 0 30 937 420 28 23 -1 -1 -1 -1
1647 0 30 951 412 22 25 -1 -1 -1 -1
1649 0 3 864 397 24 29 -1 -1 -1 -1
1649 0 30 971 399 26 26 -1 -1 -1 -1
1650 0 3 869 396 23 28 -1 -1 -1 -1
1651 0 3 869 397 21 28 -1 -1 -1 -1
1651 0 30 993 388 27 29 -1 -1 -1 -1
1652 0 3 873 395 21 29 -1 -1 -1 -1
1652 0 21 867 398 28 31 -1 -1 -1 -1
1654 0 3 869 403 34 33 -1 -1 -1 -1
1655 0 3 868 404 37 34 -1 -1 -1 -1
1655 0 30 1042 383 28 30 -1 -1 -1 -1
1656 0 3 869 406 33 33 -1 -1 -1 -1
1656 0 30 1054 384 31 31 -1 -1 -1 -1
1657 0 3 870 408 31 32 -1 -1 -1 -1
1657 0 30 1064 381 33 32 -1 -1 -1 -1
1658 0 3 872 405 28 31 -1 -1 -1 -1
1658 0 30 1078 391 38 37 -1 -1 -1 -1
1659 0 3 871 403 30 32 -1 -1 -1 -1
1659 0 30 1088 389 40 39 -1 -1 -1 -1
1660 0 3 868 402 31 34 -1 -1 -1 -1
1660 0 37 1084 401 31 26 -1 -1 -1 -1
1661 0 3 867 403 31 35 -1 -1 -1 -1
1662 0 3 866 403 32 35 -1 -1 -1 -1
1663 0 3 870 402 29 34 -1 -1 -1 -1
1664 0 3 871 402 29 34 -1 -1 -1 -1
1665 0 3 871 405 27 33 -1 -1 -1 -1
1666 0 3 869 404 28 33 -1 -1 -1 -1
1666 0 37 1081 454 22 25 -1 -1 -1 -1
1667 0 3 870 404 27 33 -1 -1 -1 -1
1668 0 37 1073 467 32 28 -1 -1 -1 -1
1669 0 37 1070 470 34 28 -1 -1 -1 -1
1673 0 37 1062 474 39 32 -1 -1 -1 -1
1674 0 37 1061 479 34 34 -1 -1 -1 -1
1675 0 37 1058 483 32 33 -1 -1 -1 -1
1676 0 37 1051 490 38 35 -1 -1 -1 -1
1678 0 30 1038 499 34 33 -1 -1 -1 -1
1680 0 37 1023 491 39 32 -1 -1 -1 -1
1681 0 30 1020 482 35 31 -1 -1 -1 -1
1682 0 30 1016 484 36 32 -1 -1 -1 -1
1684 0 21 1025 416 33 35 -1 -1 -1 -1
1689 0 30 983 530 22 28 -1 -1 -1 -1
1691 0 3 830 474 38 50 -1 -1 -1 -1
1706 0 30 788 430 24 31 -1 -1 -1 -1
1707 0 30 776 424 25 32 -1 -1 -1 -1
1711 0 3 696 468 19 27 -1 -1 -1 -1
1713 0 30 669 515 25 28 -1 -1 -1 -1
1714 0 30 658 508 22 23 -1 -1 -1 -1
1715 0 30 639 500 23 21 -1 -1 -1 -1
1716 0 30 621 493 24 23 -1 -1 -1 -1
1717 0 30 603 485 22 24 -1 -1 -1 -1
1718 0 30 584 481 22 21 -1 -1 -1 -1
1719 0 30 566 477 21 19 -1 -1 -1 -1
1720 0 30 549 477 21 20 -1 -1 -1 -1
1721 0 37 529 466 22 27 -1 -1 -1 -1
1722 0 37 511 465 22 27 -1 -1 -1 -1
1755 0 21 844 108 32 39 -1 -1 -1 -1
1756 0 21 843 107 34 40 -1 -1 -1 -1
1766 0 30 62 499 26 24 -1 -1 -1 -1
1767 0 30 56 495 24 23 -1 -1 -1 -1
1768 0 30 50 491 25 25 -1 -1 -1 -1
1769 0 30 42 490 26 25 -1 -1 -1 -1
1771 0 30 26 489 26 25 -1 -1 -1 -1
1772 0 30 17 490 27 24 -1 -1 -1 -1
1773 0 30 8 492 28 24 -1 -1 -1 -1
1774 0 30 2 495 25 22 -1 -1 -1 -1
1775 0 30 0 498 17 22 -1 -1 -1 -1
1786 0 3 704 436 28 28 -1 -1 -1 -1
1787 0 3 703 435 28 28 -1 -1 -1 -1
1788 0 3 702 435 27 28 -1 -1 -1 -1
1789 0 3 703 436 23 26 -1 -1 -1 -1
1790 0 3 703 436 22 27 -1 -1 -1 -1
1791 0 3 703 436 22 27 -1 -1 -1 -1
1792 0 3 700 435 26 29 -1 -1 -1 -1
1793 0 3 700 435 25 28 -1 -1 -1 -1
1802 0 37 182 399 24 31 -1 -1 -1 -1
1822 0 3 769 417 21 27 -1 -1 -1 -1
1823 0 3 770 417 25 30 -1 -1 -1 -1
1826 0 3 784 414 25 32 -1 -1 -1 -1
1827 0 3 788 412 25 37 -1 -1 -1 -1
1829 0 3 797 412 27 35 -1 -1 -1 -1
1830 0 3 802 412 27 35 -1 -1 -1 -1
1831 0 3 807 410 27 38 -1 -1 -1 -1
1832 0 3 808 408 34 40 -1 -1 -1 -1
1834 0 3 816 408 34 42 -1 -1 -1 -1
1835 0 3 829 412 28 38 -1 -1 -1 -1
1836 0 3 833 412 28 38 -1 -1 -1 -1
1837 0 3 838 410 29 40 -1 -1 -1 -1
1838 0 3 844 411 28 40 -1 -1 -1 -1
1839 0 3 843 409 35 41 -1 -1 -1 -1
1840 0 3 851 409 33 43 -1 -1 -1 -1
1841 0 3 860 411 29 39 -1 -1 -1 -1
1842 0 3 858 408 34 40 -1 -1 -1 -1
1843 0 3 865 407 34 42 -1 -1 -1 -1
1845 0 21 864 402 46 44 -1 -1 -1 -1
1846 0 3 882 409 32 42 -1 -1 -1 -1
1847 0 3 891 413 30 37 -1 -1 -1 -1
1848 0 3 896 413 30 37 -1 -1 -1 -1
1849 0 21 889 412 40 41 -1 -1 -1 -1
1850 0 3 903 411 35 44 -1 -1 -1 -1
1851 0 3 908 411 36 45 -1 -1 -1 -1
1852 0 21 905 411 42 44 -1 -1 -1 -1
1853 0 21 911 414 44 44 -1 -1 -1 -1
1854 0 21 916 413 44 45 -1 -1 -1 -1
1855 0 3 931 415 34 39 -1 -1 -1 -1
1856 0 3 938 416 32 38 -1 -1 -1 -1
1860 0 3 962 414 29 38 -1 -1 -1 -1
1861 0 3 968 413 28 37 -1 -1 -1 -1
1863 0 3 977 414 30 37 -1 -1 -1 -1
1866 0 21 979 413 46 44 -1 -1 -1 -1
1869 0 21 999 413 43 42 -1 -1 -1 -1
1871 0 21 1009 413 47 48 -1 -1 -1 -1
1872 0 21 1014 413 46 44 -1 -1 -1 -1
1872 0 37 141 560 18 36 -1 -1 -1 -1
1873 0 3 427 432 33 35 -1 -1 -1 -1
1873 0 21 1019 413 47 44 -1 -1 -1 -1
1874 0 3 427 431 29 34 -1 -1 -1 -1
1874 0 21 1029 415 42 41 -1 -1 -1 -1
1875 0 3 420 431 34 34 -1 -1 -1 -1
1875 0 21 1032 411 43 43 -1 -1 -1 -1
1876 0 3 418 432 35 35 -1 -1 -1 -1
1876 0 21 1037 411 43 43 -1 -1 -1 -1
1877 0 3 418 431 34 36 -1 -1 -1 -1
1877 0 37 160 560 17 32 -1 -1 -1 -1
1878 0 3 417 431 35 36 -1 -1 -1 -1
1878 0 37 162 559 18 32 -1 -1 -1 -1
1879 0 3 419 430 33 37 -1 -1 -1 -1
1880 0 3 419 428 34 39 -1 -1 -1 -1
1881 0 3 420 428 35 38 -1 -1 -1 -1
1882 0 3 425 426 30 37 -1 -1 -1 -1
1883 0 3 428 428 30 33 -1 -1 -1 -1
1884 0 3 432 430 32 31 -1 -1 -1 -1
1885 0 3 436 430 30 30 -1 -1 -1 -1
1886 0 3 436 428 32 32 -1 -1 -1 -1
1886 0 21 1084 414 48 44 -1 -1 -1 -1
1887 0 3 439 426 30 33 -1 -1 -1 -1
1887 0 21 1089 413 45 43 -1 -1 -1 -1
1888 0 3 444 425 28 31 -1 -1 -1 -1
1888 0 21 1091 412 47 42 -1 -1 -1 -1
1889 0 3 443 424 29 32 -1 -1 -1 -1
1890 0 21 1104 412 43 40 -1 -1 -1 -1
1893 0 3 467 425 27 31 -1 -1 -1 -1
1894 0 3 471 425 25 30 -1 -1 -1 -1
1895 0 3 473 425 26 30 -1 -1 -1 -1
1900 0 3 490 424 27 32 -1 -1 -1 -1
1940 0 3 442 572 33 36 -1 -1 -1 -1
1950 0 21 1240 401 28 39 -1 -1 -1 -1
1951 0 21 1241 399 27 41 -1 -1 -1 -1
1952 0 21 1241 399 29 40 -1 -1 -1 -1
1953 0 21 1242 399 29 40 -1 -1 -1 -1
1954 0 21 1243 401 28 37 -1 -1 -1 -1
1955 0 21 1245 402 26 35 -1 -1 -1 -1
1956 0 21 1245 401 26 35 -1 -1 -1 -1
1957 0 21 1247 400 24 36 -1 -1 -1 -1
1958 0 21 1248 401 24 36 -1 -1 -1 -1
1959 0 21 1249 402 24 36 -1 -1 -1 -1
1960 0 21 1248 402 27 37 -1 -1 -1 -1
1961 0 21 1247 402 30 38 -1 -1 -1 -1
1962 0 21 1250 401 26 39 -1 -1 -1 -1
1963 0 21 1251 400 26 40 -1 -1 -1 -1
1964 0 21 1251 399 27 42 -1 -1 -1 -1
1965 0 21 1254 398 25 45 -1 -1 -1 -1
1966 0 21 1256 396 23 46 -1 -1 -1 -1
1967 0 21 1260 391 19 51 -1 -1 -1 -1
1975 0 3 629 449 49 59 -1 -1 -1 -1
1978 0 3 645 447 49 62 -1 -1 -1 -1
1979 0 3 648 451 53 58 -1 -1 -1 -1
1983 0 3 676 450 46 58 -1 -1 -1 -1
1983 0 21 1250 470 29 62 -1 -1 -1 -1
1984 0 3 680 451 48 58 -1 -1 -1 -1
1991 0 21 1261 462 18 67 -1 -1 -1 -1
1992 0 21 1262 462 17 67 -1 -1 -1 -1